STUDENT_ID,COLLEGE,MAJOR_NAME,CREDIT_1,CREDIT_2,GPA_1,GPA_2,EXTRA_ACTIVITY,COMPLETE_MAJOR,PF
0001,Art&Design,동양화,18,18,4.231,4.2098,300,1,1
0002,Art&Design,동양화,18,18,4.1486,4.1206,300,1,1
0003,Art&Design,동양화,18,18,4.1206,4.1066,300,1,1
0004,Art&Design,동양화,18,18,4.1021,4.0617,300,1,1
0005,Art&Design,동양화,18,18,4.0589,4.0509,300,1,1
0006,Art&Design,동양화,18,18,4.0482,3.9435,300,1,1
0007,Art&Design,동양화,18,18,3.9435,3.9064,300,1,1
0008,Art&Design,동양화,18,18,3.797,3.7909,300,1,1
0009,Art&Design,동양화,18,18,3.7394,3.6623,300,1,1
0010,Art&Design,동양화,18,18,3.6623,3.6288,300,1,1
0011,Art&Design,동양화,18,18,3.6288,3.6288,300,1,1
0012,Art&Design,동양화,18,18,3.5942,3.5516,300,1,1
0013,Art&Design,동양화,18,18,3.5411,3.4124,300,1,1
0014,Art&Design,동양화,18,18,3.3863,3.2914,300,1,1
0015,Art&Design,동양화,18,18,3.2732,3.2732,300,1,1
0016,Art&Design,동양화,18,18,3.0862,3.055,300,1,1
0017,Art&Design,동양화,18,18,3.0317,3.0317,300,1,1
0018,Art&Design,동양화,18,18,3.0266,2.9639,300,1,1
0019,Art&Design,동양화,18,18,2.9639,2.9523,300,1,0
0020,Art&Design,동양화,18,18,2.6943,2.6799,300,1,0
0021,Art&Design,동양화,18,18,2.5679,2.3681,300,1,0
0022,Art&Design,동양화,18,18,2.3185,1.9846,300,1,0
0023,Art&Design,동양화,18,18,1.9131,1.7602,300,1,0
0024,Art&Design,동양화,18,18,1.7219,1.4697,300,1,0
0025,Art&Design,동양화,18,18,1.2884,1.0437,300,1,0
0026,Art&Design,서양화,18,18,4.4997,4.4997,300,1,1
0027,Art&Design,서양화,18,18,4.4111,4.3955,300,1,1
0028,Art&Design,서양화,18,18,4.3955,4.3546,300,1,1
0029,Art&Design,서양화,18,18,4.2832,4.2481,300,1,1
0030,Art&Design,서양화,18,18,4.2449,4.2361,300,1,1
0031,Art&Design,서양화,18,18,4.231,4.2126,300,1,1
0032,Art&Design,서양화,18,18,4.1486,4.1315,300,1,1
0033,Art&Design,서양화,18,18,4.1206,4.1194,300,1,1
0034,Art&Design,서양화,18,18,4.1066,4.1066,300,1,1
0035,Art&Design,서양화,18,18,4.0617,4.0589,300,1,1
0036,Art&Design,서양화,18,18,4.0509,3.9996,300,1,1
0037,Art&Design,서양화,18,18,3.9289,3.9074,300,1,1
0038,Art&Design,서양화,18,18,3.9074,3.7909,300,1,1
0039,Art&Design,서양화,18,18,3.7868,3.7868,300,1,1
0040,Art&Design,서양화,18,18,3.7858,3.7858,300,1,1
0041,Art&Design,서양화,18,18,3.7394,3.7394,300,1,1
0042,Art&Design,서양화,18,18,3.6416,3.6416,300,1,1
0043,Art&Design,서양화,18,18,3.5942,3.5516,300,1,1
0044,Art&Design,서양화,18,18,3.5411,3.465,300,1,1
0045,Art&Design,서양화,18,18,3.465,3.4568,300,1,0
0046,Art&Design,서양화,18,18,3.4568,3.4124,300,1,0
0047,Art&Design,서양화,18,18,3.3863,3.3615,300,1,0
0048,Art&Design,서양화,18,18,3.2914,3.2914,300,1,0
0049,Art&Design,서양화,18,18,3.2732,3.1986,300,1,0
0050,Art&Design,서양화,18,18,3.0739,3.055,300,1,0
0051,Art&Design,서양화,18,18,3.055,3.0154,300,1,0
0052,Art&Design,서양화,18,18,2.9639,2.9639,300,1,0
0053,Art&Design,서양화,18,18,2.9523,2.9523,300,1,0
0054,Art&Design,서양화,18,18,2.9422,2.6943,300,1,0
0055,Art&Design,서양화,18,18,2.6799,2.6799,300,1,0
0056,Art&Design,서양화,18,18,2.6722,2.5679,300,1,0
0057,Art&Design,서양화,18,18,2.3712,2.3681,300,1,0
0058,Art&Design,서양화,18,18,2.0451,2.0451,300,1,0
0059,Art&Design,서양화,18,18,2.0015,1.9754,300,1,0
0060,Art&Design,서양화,18,18,1.9625,1.9131,300,1,0
0061,Art&Design,서양화,18,18,1.5197,1.4697,300,1,0
0062,Art&Design,서양화,18,18,1.4697,1.4483,300,1,0
0063,Art&Design,서양화,18,18,1.3055,1.2884,300,1,0
0064,Art&Design,서양화,18,18,1.2884,1.0437,300,1,0
0065,Art&Design,시각디자인,18,18,4.4997,4.4595,300,1,1
0066,Art&Design,시각디자인,18,18,4.4111,4.4111,300,1,1
0067,Art&Design,시각디자인,18,18,4.3955,4.2832,300,1,1
0068,Art&Design,시각디자인,18,18,4.2832,4.2816,300,1,1
0069,Art&Design,시각디자인,18,18,4.2816,4.2763,300,1,1
0070,Art&Design,시각디자인,18,18,4.2763,4.2449,300,1,1
0071,Art&Design,시각디자인,18,18,4.2126,4.2098,300,1,1
0072,Art&Design,시각디자인,18,18,4.1689,4.1486,300,1,1
0073,Art&Design,시각디자인,18,18,4.1486,4.1194,300,1,1
0074,Art&Design,시각디자인,18,18,4.1194,4.1066,300,1,1
0075,Art&Design,시각디자인,18,18,4.1021,4.0897,300,1,1
0076,Art&Design,시각디자인,18,18,4.0897,4.0617,300,1,1
0077,Art&Design,시각디자인,18,18,4.0589,4.0482,300,1,1
0078,Art&Design,시각디자인,18,18,4.0482,3.9996,300,1,1
0079,Art&Design,시각디자인,18,18,3.954,3.954,300,1,1
0080,Art&Design,시각디자인,18,18,3.9435,3.9289,300,1,1
0081,Art&Design,시각디자인,18,18,3.9289,3.9289,300,1,1
0082,Art&Design,시각디자인,18,18,3.9064,3.9064,300,1,1
0083,Art&Design,시각디자인,18,18,3.8589,3.8589,300,1,1
0084,Art&Design,시각디자인,18,18,3.8589,3.797,300,1,1
0085,Art&Design,시각디자인,18,18,3.797,3.7909,300,1,0
0086,Art&Design,시각디자인,18,18,3.7868,3.7642,300,1,0
0087,Art&Design,시각디자인,18,18,3.7642,3.7642,300,1,0
0088,Art&Design,시각디자인,18,18,3.7248,3.7248,300,1,0
0089,Art&Design,시각디자인,18,18,3.6623,3.628,300,1,0
0090,Art&Design,시각디자인,18,18,3.6126,3.6126,300,1,0
0091,Art&Design,시각디자인,18,18,3.6126,3.6126,300,1,0
0092,Art&Design,시각디자인,18,18,3.5942,3.5516,300,1,0
0093,Art&Design,시각디자인,18,18,3.4568,3.4124,300,1,0
0094,Art&Design,시각디자인,18,18,3.3863,3.3615,300,1,0
0095,Art&Design,시각디자인,18,18,3.1986,3.0862,300,1,0
0096,Art&Design,시각디자인,18,18,3.0739,3.055,300,1,0
0097,Art&Design,시각디자인,18,18,3.0459,3.0459,300,1,0
0098,Art&Design,시각디자인,18,18,3.0292,3.0266,300,1,0
0099,Art&Design,시각디자인,18,18,3.0266,2.9523,300,1,0
0100,Art&Design,시각디자인,18,18,2.9422,2.9422,300,1,0
0101,Art&Design,시각디자인,18,18,2.9422,2.7488,300,1,0
0102,Art&Design,시각디자인,18,18,2.7488,2.6943,300,1,0
0103,Art&Design,시각디자인,18,18,2.6799,2.6722,300,1,0
0104,Art&Design,시각디자인,18,18,2.6411,2.6411,300,1,0
0105,Art&Design,시각디자인,18,18,2.3712,2.0451,300,1,0
0106,Art&Design,시각디자인,18,18,2.0015,2.0015,300,1,0
0107,Art&Design,시각디자인,18,18,1.9754,1.9131,300,1,0
0108,Art&Design,시각디자인,18,18,1.7602,1.7219,300,1,0
0109,Art&Design,시각디자인,18,18,1.7219,1.663,300,1,0
0110,Art&Design,시각디자인,18,18,1.5197,1.5197,300,1,0
0111,Art&Design,시각디자인,18,18,1.5197,1.0437,300,1,0
0112,Art&Design,실내디자인,18,18,4.4789,4.4789,300,1,1
0113,Art&Design,실내디자인,18,18,4.4789,4.4595,300,1,1
0114,Art&Design,실내디자인,18,18,4.4595,4.4111,300,1,1
0115,Art&Design,실내디자인,18,18,4.2832,4.2763,300,1,1
0116,Art&Design,실내디자인,18,18,4.2763,4.2481,300,1,1
0117,Art&Design,실내디자인,18,18,4.2481,4.2449,300,1,1
0118,Art&Design,실내디자인,18,18,4.231,4.231,300,1,1
0119,Art&Design,실내디자인,18,18,4.2126,4.2098,300,1,1
0120,Art&Design,실내디자인,18,18,4.2098,4.1689,300,1,1
0121,Art&Design,실내디자인,18,18,4.1315,4.1315,300,1,1
0122,Art&Design,실내디자인,18,18,4.1194,4.0897,300,1,1
0123,Art&Design,실내디자인,18,18,4.0617,4.0589,300,1,1
0124,Art&Design,실내디자인,18,18,4.0509,3.9996,300,1,1
0125,Art&Design,실내디자인,18,18,3.954,3.7868,300,1,1
0126,Art&Design,실내디자인,18,18,3.7858,3.7642,300,1,1
0127,Art&Design,실내디자인,18,18,3.7248,3.7248,300,1,1
0128,Art&Design,실내디자인,18,18,3.7108,3.7108,300,1,1
0129,Art&Design,실내디자인,18,18,3.7108,3.6416,300,1,1
0130,Art&Design,실내디자인,18,18,3.6416,3.6288,300,1,1
0131,Art&Design,실내디자인,18,18,3.628,3.628,300,1,1
0132,Art&Design,실내디자인,18,18,3.628,3.579,300,1,0
0133,Art&Design,실내디자인,18,18,3.579,3.579,300,1,0
0134,Art&Design,실내디자인,18,18,3.5516,3.5411,300,1,0
0135,Art&Design,실내디자인,18,18,3.4568,3.3615,300,1,0
0136,Art&Design,실내디자인,18,18,3.2732,3.1986,300,1,0
0137,Art&Design,실내디자인,18,18,3.0862,3.0862,300,1,0
0138,Art&Design,실내디자인,18,18,3.0739,3.0739,300,1,0
0139,Art&Design,실내디자인,18,18,3.0459,3.0292,300,1,0
0140,Art&Design,실내디자인,18,18,3.0154,2.7488,300,1,0
0141,Art&Design,실내디자인,18,18,2.6943,2.6722,300,1,0
0142,Art&Design,실내디자인,18,18,2.3712,2.3712,300,1,0
0143,Art&Design,실내디자인,18,18,2.0015,1.9846,300,1,0
0144,Art&Design,실내디자인,18,18,1.9754,1.9754,300,1,0
0145,Art&Design,실내디자인,18,18,1.9625,1.9131,300,1,0
0146,Art&Design,실내디자인,18,18,1.7602,1.7219,300,1,0
0147,Art&Design,실내디자인,18,18,1.663,1.663,300,1,0
0148,Art&Design,실내디자인,18,18,1.4483,1.4483,300,1,0
0149,Art&Design,실내디자인,18,18,1.4483,1.3055,300,1,0
0150,Art&Design,실내디자인,18,18,1.3055,1.2884,300,1,0
0151,Art&Design,텍스타일디자인,18,18,4.4997,4.4789,300,1,1
0152,Art&Design,텍스타일디자인,18,18,4.4595,4.3955,300,1,1
0153,Art&Design,텍스타일디자인,18,18,4.3546,4.3546,300,1,1
0154,Art&Design,텍스타일디자인,18,18,4.3546,4.2816,300,1,1
0155,Art&Design,텍스타일디자인,18,18,4.2816,4.2481,300,1,1
0156,Art&Design,텍스타일디자인,18,18,4.2449,4.2361,300,1,1
0157,Art&Design,텍스타일디자인,18,18,4.2361,4.2361,300,1,1
0158,Art&Design,텍스타일디자인,18,18,4.2126,4.1689,300,1,1
0159,Art&Design,텍스타일디자인,18,18,4.1689,4.1315,300,1,1
0160,Art&Design,텍스타일디자인,18,18,4.1206,4.1021,300,1,1
0161,Art&Design,텍스타일디자인,18,18,4.1021,4.0897,300,1,1
0162,Art&Design,텍스타일디자인,18,18,4.0509,4.0482,300,1,1
0163,Art&Design,텍스타일디자인,18,18,3.9996,3.954,300,1,1
0164,Art&Design,텍스타일디자인,18,18,3.9435,3.9074,300,1,1
0165,Art&Design,텍스타일디자인,18,18,3.9074,3.9064,300,1,1
0166,Art&Design,텍스타일디자인,18,18,3.8589,3.797,300,1,1
0167,Art&Design,텍스타일디자인,18,18,3.7909,3.7858,300,1,1
0168,Art&Design,텍스타일디자인,18,18,3.7394,3.7108,300,1,1
0169,Art&Design,텍스타일디자인,18,18,3.6623,3.5942,300,1,1
0170,Art&Design,텍스타일디자인,18,18,3.579,3.5411,300,1,0
0171,Art&Design,텍스타일디자인,18,18,3.465,3.465,300,1,0
0172,Art&Design,텍스타일디자인,18,18,3.4124,3.3863,300,1,0
0173,Art&Design,텍스타일디자인,18,18,3.3615,3.2914,300,1,0
0174,Art&Design,텍스타일디자인,18,18,3.1986,3.0459,300,1,0
0175,Art&Design,텍스타일디자인,18,18,3.0317,3.0317,300,1,0
0176,Art&Design,텍스타일디자인,18,18,3.0292,3.0292,300,1,0
0177,Art&Design,텍스타일디자인,18,18,3.0266,3.0154,300,1,0
0178,Art&Design,텍스타일디자인,18,18,3.0154,2.7488,300,1,0
0179,Art&Design,텍스타일디자인,18,18,2.6722,2.6411,300,1,0
0180,Art&Design,텍스타일디자인,18,18,2.6411,2.5679,300,1,0
0181,Art&Design,텍스타일디자인,18,18,2.5679,2.3681,300,1,0
0182,Art&Design,텍스타일디자인,18,18,2.3681,2.3185,300,1,0
0183,Art&Design,텍스타일디자인,18,18,2.3185,2.3185,300,1,0
0184,Art&Design,텍스타일디자인,18,18,2.0451,1.9846,300,1,0
0185,Art&Design,텍스타일디자인,18,18,1.9846,1.9625,300,1,0
0186,Art&Design,텍스타일디자인,18,18,1.9625,1.7602,300,1,0
0187,Art&Design,텍스타일디자인,18,18,1.663,1.4697,300,1,0
0188,Art&Design,텍스타일디자인,18,18,1.3055,1.0437,300,1,0
0189,과학기술,컴퓨터공학,18,18,4.4846,4.4765,300,1,1
0190,과학기술,컴퓨터공학,18,18,4.4546,4.3897,300,1,1
0191,과학기술,컴퓨터공학,18,18,4.3787,4.352,300,1,1
0192,과학기술,컴퓨터공학,18,18,4.3346,4.3301,300,1,1
0193,과학기술,컴퓨터공학,18,18,4.3249,4.3174,300,1,1
0194,과학기술,컴퓨터공학,18,18,4.3024,4.3024,300,1,1
0195,과학기술,컴퓨터공학,18,18,4.2859,4.2806,300,1,1
0196,과학기술,컴퓨터공학,18,18,4.2717,4.2355,300,1,1
0197,과학기술,컴퓨터공학,18,18,4.2037,4.2037,300,1,1
0198,과학기술,컴퓨터공학,18,18,4.1706,4.1588,300,1,1
0199,과학기술,컴퓨터공학,18,18,4.1588,4.148,300,1,1
0200,과학기술,컴퓨터공학,18,18,4.1308,4.0622,300,1,1
0201,과학기술,컴퓨터공학,18,18,4.0381,4.0292,300,1,1
0202,과학기술,컴퓨터공학,18,18,4.0214,3.9981,300,1,1
0203,과학기술,컴퓨터공학,18,18,3.9894,3.9646,300,1,1
0204,과학기술,컴퓨터공학,18,18,3.9638,3.9591,300,1,1
0205,과학기술,컴퓨터공학,18,18,3.9457,3.9233,300,1,1
0206,과학기술,컴퓨터공학,18,18,3.9016,3.9016,300,1,1
0207,과학기술,컴퓨터공학,18,18,3.8907,3.8721,300,1,1
0208,과학기술,컴퓨터공학,18,18,3.8721,3.8635,300,1,1
0209,과학기술,컴퓨터공학,18,18,3.8483,3.8454,300,1,1
0210,과학기술,컴퓨터공학,18,18,3.8405,3.8304,300,1,1
0211,과학기술,컴퓨터공학,18,18,3.7843,3.7587,300,1,1
0212,과학기술,컴퓨터공학,18,18,3.7484,3.7262,300,1,1
0213,과학기술,컴퓨터공학,18,18,3.6934,3.6837,300,1,1
0214,과학기술,컴퓨터공학,18,18,3.6784,3.6784,300,1,1
0215,과학기술,컴퓨터공학,18,18,3.6712,3.6631,300,1,1
0216,과학기술,컴퓨터공학,18,18,3.6466,3.6317,300,1,1
0217,과학기술,컴퓨터공학,18,18,3.6238,3.5873,300,1,1
0218,과학기술,컴퓨터공학,18,18,3.5777,3.5333,300,1,1
0219,과학기술,컴퓨터공학,18,18,3.5333,3.4907,300,1,1
0220,과학기술,컴퓨터공학,18,18,3.4744,3.4744,300,1,1
0221,과학기술,컴퓨터공학,18,18,3.461,3.4606,300,1,1
0222,과학기술,컴퓨터공학,18,18,3.4403,3.3645,300,1,1
0223,과학기술,컴퓨터공학,18,18,3.361,3.3484,300,1,1
0224,과학기술,컴퓨터공학,18,18,3.3484,3.3431,300,1,1
0225,과학기술,컴퓨터공학,18,18,3.3383,3.3211,300,1,1
0226,과학기술,컴퓨터공학,18,18,3.318,3.318,300,1,1
0227,과학기술,컴퓨터공학,18,18,3.2892,3.2386,300,1,1
0228,과학기술,컴퓨터공학,18,18,3.235,3.235,300,1,1
0229,과학기술,컴퓨터공학,18,18,3.2001,3.1571,300,1,1
0230,과학기술,컴퓨터공학,18,18,3.1571,3.152,300,1,1
0231,과학기술,컴퓨터공학,18,18,3.152,3.1367,300,1,1
0232,과학기술,컴퓨터공학,18,18,3.1367,3.0968,300,1,1
0233,과학기술,컴퓨터공학,18,18,3.0773,3.0541,300,1,0
0234,과학기술,컴퓨터공학,18,18,3.0541,3.0451,300,1,0
0235,과학기술,컴퓨터공학,18,18,2.9825,2.9526,300,1,0
0236,과학기술,컴퓨터공학,18,18,2.9519,2.9114,300,1,0
0237,과학기술,컴퓨터공학,18,18,2.7998,2.7966,300,1,0
0238,과학기술,컴퓨터공학,18,18,2.7647,2.7304,300,1,0
0239,과학기술,컴퓨터공학,18,18,2.6802,2.6613,300,1,0
0240,과학기술,컴퓨터공학,18,18,2.5801,2.5796,300,1,0
0241,과학기술,컴퓨터공학,18,18,2.5395,2.4945,300,1,0
0242,과학기술,컴퓨터공학,18,18,2.4197,2.3904,300,1,0
0243,과학기술,컴퓨터공학,18,18,2.3904,2.2079,300,1,0
0244,과학기술,컴퓨터공학,18,18,2.174,2.1652,300,1,0
0245,과학기술,컴퓨터공학,18,18,2.0378,2.0376,300,1,0
0246,과학기술,컴퓨터공학,18,18,2.0376,1.8303,300,1,0
0247,과학기술,컴퓨터공학,18,18,1.8275,1.8028,300,1,0
0248,과학기술,컴퓨터공학,18,18,1.6694,1.6647,300,1,0
0249,과학기술,컴퓨터공학,18,18,1.5898,1.5747,300,1,0
0250,과학기술,컴퓨터공학,18,18,1.5696,1.4808,300,1,0
0251,과학기술,컴퓨터공학,18,18,1.4784,1.4784,300,1,0
0252,과학기술,컴퓨터공학,18,18,1.4784,1.4589,300,1,0
0253,과학기술,컴퓨터공학,18,18,1.4384,1.4384,300,1,0
0254,과학기술,컴퓨터공학,18,18,1.4384,1.3756,300,1,0
0255,과학기술,컴퓨터공학,18,18,1.2983,1.2501,300,1,0
0256,과학기술,컴퓨터공학,18,18,1.2501,1.2132,300,1,0
0257,과학기술,컴퓨터공학,18,18,1.1062,1.0979,300,1,0
0258,과학기술,컴퓨터공학,18,18,1.0979,1.0969,300,1,0
0259,과학기술,컴퓨터공학,18,18,1.0969,1.0698,300,1,0
0260,과학기술,컴퓨터공학,18,18,1.0031,1.0031,300,1,0
0261,과학기술,IT미디어공학,18,18,4.4999,4.4873,300,1,1
0262,과학기술,IT미디어공학,18,18,4.4846,4.4729,300,1,1
0263,과학기술,IT미디어공학,18,18,4.4729,4.4546,300,1,1
0264,과학기술,IT미디어공학,18,18,4.3897,4.3879,300,1,1
0265,과학기술,IT미디어공학,18,18,4.352,4.352,300,1,1
0266,과학기술,IT미디어공학,18,18,4.3451,4.3378,300,1,1
0267,과학기술,IT미디어공학,18,18,4.3378,4.3365,300,1,1
0268,과학기술,IT미디어공학,18,18,4.3365,4.3365,300,1,1
0269,과학기술,IT미디어공학,18,18,4.3174,4.2859,300,1,1
0270,과학기술,IT미디어공학,18,18,4.2794,4.2794,300,1,1
0271,과학기술,IT미디어공학,18,18,4.2717,4.2567,300,1,1
0272,과학기술,IT미디어공학,18,18,4.2024,4.1799,300,1,1
0273,과학기술,IT미디어공학,18,18,4.1706,4.1308,300,1,1
0274,과학기술,IT미디어공학,18,18,4.0747,4.0709,300,1,1
0275,과학기술,IT미디어공학,18,18,4.0622,4.0587,300,1,1
0276,과학기술,IT미디어공학,18,18,4.0214,3.9981,300,1,1
0277,과학기술,IT미디어공학,18,18,3.986,3.9638,300,1,1
0278,과학기술,IT미디어공학,18,18,3.9591,3.9554,300,1,1
0279,과학기술,IT미디어공학,18,18,3.9457,3.9303,300,1,1
0280,과학기술,IT미디어공학,18,18,3.9016,3.8905,300,1,1
0281,과학기술,IT미디어공학,18,18,3.8663,3.8635,300,1,1
0282,과학기술,IT미디어공학,18,18,3.8364,3.8246,300,1,1
0283,과학기술,IT미디어공학,18,18,3.8193,3.7895,300,1,1
0284,과학기술,IT미디어공학,18,18,3.7767,3.7587,300,1,1
0285,과학기술,IT미디어공학,18,18,3.7494,3.7484,300,1,1
0286,과학기술,IT미디어공학,18,18,3.7156,3.6784,300,1,1
0287,과학기술,IT미디어공학,18,18,3.6748,3.6748,300,1,1
0288,과학기술,IT미디어공학,18,18,3.6731,3.6731,300,1,1
0289,과학기술,IT미디어공학,18,18,3.667,3.6619,300,1,1
0290,과학기술,IT미디어공학,18,18,3.6317,3.6228,300,1,1
0291,과학기술,IT미디어공학,18,18,3.6228,3.6135,300,1,1
0292,과학기술,IT미디어공학,18,18,3.5777,3.5777,300,1,1
0293,과학기술,IT미디어공학,18,18,3.5578,3.5333,300,1,1
0294,과학기술,IT미디어공학,18,18,3.5002,3.4449,300,1,1
0295,과학기술,IT미디어공학,18,18,3.4403,3.432,300,1,1
0296,과학기술,IT미디어공학,18,18,3.4128,3.4128,300,1,1
0297,과학기술,IT미디어공학,18,18,3.4024,3.3966,300,1,1
0298,과학기술,IT미디어공학,18,18,3.3899,3.3764,300,1,1
0299,과학기술,IT미디어공학,18,18,3.361,3.3552,300,1,1
0300,과학기술,IT미디어공학,18,18,3.3246,3.3211,300,1,1
0301,과학기술,IT미디어공학,18,18,3.2974,3.2495,300,1,1
0302,과학기술,IT미디어공학,18,18,3.2495,3.2471,300,1,1
0303,과학기술,IT미디어공학,18,18,3.235,3.1939,300,1,1
0304,과학기술,IT미디어공학,18,18,3.1939,3.1917,300,1,1
0305,과학기술,IT미디어공학,18,18,3.1576,3.152,300,1,0
0306,과학기술,IT미디어공학,18,18,3.1437,3.1322,300,1,0
0307,과학기술,IT미디어공학,18,18,3.1322,3.118,300,1,0
0308,과학기술,IT미디어공학,18,18,3.0968,3.0812,300,1,0
0309,과학기술,IT미디어공학,18,18,3.0592,2.9825,300,1,0
0310,과학기술,IT미디어공학,18,18,2.9519,2.9519,300,1,0
0311,과학기술,IT미디어공학,18,18,2.9399,2.9114,300,1,0
0312,과학기술,IT미디어공학,18,18,2.9106,2.9106,300,1,0
0313,과학기술,IT미디어공학,18,18,2.8771,2.8686,300,1,0
0314,과학기술,IT미디어공학,18,18,2.7966,2.7647,300,1,0
0315,과학기술,IT미디어공학,18,18,2.757,2.7166,300,1,0
0316,과학기술,IT미디어공학,18,18,2.5859,2.5796,300,1,0
0317,과학기술,IT미디어공학,18,18,2.5616,2.5564,300,1,0
0318,과학기술,IT미디어공학,18,18,2.5465,2.3919,300,1,0
0319,과학기술,IT미디어공학,18,18,2.2767,2.2237,300,1,0
0320,과학기술,IT미디어공학,18,18,2.174,2.1205,300,1,0
0321,과학기술,IT미디어공학,18,18,2.0378,2.0376,300,1,0
0322,과학기술,IT미디어공학,18,18,2.0361,1.9963,300,1,0
0323,과학기술,IT미디어공학,18,18,1.9963,1.8303,300,1,0
0324,과학기술,IT미디어공학,18,18,1.7778,1.7778,300,1,0
0325,과학기술,IT미디어공학,18,18,1.7715,1.7504,300,1,0
0326,과학기술,IT미디어공학,18,18,1.7316,1.7316,300,1,0
0327,과학기술,IT미디어공학,18,18,1.6726,1.6718,300,1,0
0328,과학기술,IT미디어공학,18,18,1.6595,1.6069,300,1,0
0329,과학기술,IT미디어공학,18,18,1.5898,1.5747,300,1,0
0330,과학기술,IT미디어공학,18,18,1.5731,1.5696,300,1,0
0331,과학기술,IT미디어공학,18,18,1.5136,1.4508,300,1,0
0332,과학기술,IT미디어공학,18,18,1.4384,1.4251,300,1,0
0333,과학기술,IT미디어공학,18,18,1.394,1.3672,300,1,0
0334,과학기술,IT미디어공학,18,18,1.3647,1.3647,300,1,0
0335,과학기술,IT미디어공학,18,18,1.3361,1.321,300,1,0
0336,과학기술,IT미디어공학,18,18,1.321,1.3173,300,1,0
0337,과학기술,IT미디어공학,18,18,1.3173,1.2983,300,1,0
0338,과학기술,IT미디어공학,18,18,1.2365,1.2365,300,1,0
0339,과학기술,IT미디어공학,18,18,1.2351,1.0969,300,1,0
0340,과학기술,IT미디어공학,18,18,1.0255,1.0255,300,1,0
0341,과학기술,사이버보안,18,18,4.4846,4.3879,300,1,1
0342,과학기술,사이버보안,18,18,4.3787,4.3451,300,1,1
0343,과학기술,사이버보안,18,18,4.3346,4.3268,300,1,1
0344,과학기술,사이버보안,18,18,4.3174,4.2648,300,1,1
0345,과학기술,사이버보안,18,18,4.2567,4.2558,300,1,1
0346,과학기술,사이버보안,18,18,4.2432,4.2432,300,1,1
0347,과학기술,사이버보안,18,18,4.2355,4.2213,300,1,1
0348,과학기술,사이버보안,18,18,4.2091,4.2024,300,1,1
0349,과학기술,사이버보안,18,18,4.1799,4.148,300,1,1
0350,과학기술,사이버보안,18,18,4.1076,4.0767,300,1,1
0351,과학기술,사이버보안,18,18,4.0747,4.0747,300,1,1
0352,과학기술,사이버보안,18,18,4.0697,4.0622,300,1,1
0353,과학기술,사이버보안,18,18,4.0214,4.0118,300,1,1
0354,과학기술,사이버보안,18,18,3.9894,3.97,300,1,1
0355,과학기술,사이버보안,18,18,3.97,3.9681,300,1,1
0356,과학기술,사이버보안,18,18,3.9554,3.9549,300,1,1
0357,과학기술,사이버보안,18,18,3.9303,3.8721,300,1,1
0358,과학기술,사이버보안,18,18,3.8663,3.8405,300,1,1
0359,과학기술,사이버보안,18,18,3.83,3.8246,300,1,1
0360,과학기술,사이버보안,18,18,3.7587,3.7561,300,1,1
0361,과학기술,사이버보안,18,18,3.729,3.7156,300,1,1
0362,과학기술,사이버보안,18,18,3.6934,3.6837,300,1,1
0363,과학기술,사이버보안,18,18,3.6631,3.637,300,1,1
0364,과학기술,사이버보안,18,18,3.6358,3.6358,300,1,1
0365,과학기술,사이버보안,18,18,3.6317,3.5912,300,1,1
0366,과학기술,사이버보안,18,18,3.5878,3.5873,300,1,1
0367,과학기술,사이버보안,18,18,3.5424,3.5424,300,1,1
0368,과학기술,사이버보안,18,18,3.5275,3.5253,300,1,1
0369,과학기술,사이버보안,18,18,3.5226,3.5176,300,1,1
0370,과학기술,사이버보안,18,18,3.5157,3.4907,300,1,1
0371,과학기술,사이버보안,18,18,3.4907,3.4759,300,1,1
0372,과학기술,사이버보안,18,18,3.461,3.4586,300,1,1
0373,과학기술,사이버보안,18,18,3.4449,3.4128,300,1,1
0374,과학기술,사이버보안,18,18,3.3966,3.3899,300,1,0
0375,과학기술,사이버보안,18,18,3.3383,3.3246,300,1,0
0376,과학기술,사이버보안,18,18,3.3211,3.2974,300,1,0
0377,과학기술,사이버보안,18,18,3.2907,3.2907,300,1,0
0378,과학기술,사이버보안,18,18,3.2892,3.2807,300,1,0
0379,과학기술,사이버보안,18,18,3.2471,3.235,300,1,0
0380,과학기술,사이버보안,18,18,3.2263,3.2181,300,1,0
0381,과학기술,사이버보안,18,18,3.2153,3.1939,300,1,0
0382,과학기술,사이버보안,18,18,3.1917,3.1917,300,1,0
0383,과학기술,사이버보안,18,18,3.1917,3.152,300,1,0
0384,과학기술,사이버보안,18,18,3.1437,3.139,300,1,0
0385,과학기술,사이버보안,18,18,3.118,3.1018,300,1,0
0386,과학기술,사이버보안,18,18,3.0759,3.0605,300,1,0
0387,과학기술,사이버보안,18,18,3.0592,2.9399,300,1,0
0388,과학기술,사이버보안,18,18,2.7966,2.7647,300,1,0
0389,과학기술,사이버보안,18,18,2.6802,2.6613,300,1,0
0390,과학기술,사이버보안,18,18,2.6519,2.5801,300,1,0
0391,과학기술,사이버보안,18,18,2.5616,2.5564,300,1,0
0392,과학기술,사이버보안,18,18,2.5215,2.5198,300,1,0
0393,과학기술,사이버보안,18,18,2.4945,2.4945,300,1,0
0394,과학기술,사이버보안,18,18,2.3673,2.2767,300,1,0
0395,과학기술,사이버보안,18,18,2.1652,1.9739,300,1,0
0396,과학기술,사이버보안,18,18,1.9617,1.8929,300,1,0
0397,과학기술,사이버보안,18,18,1.8592,1.6694,300,1,0
0398,과학기술,사이버보안,18,18,1.6647,1.5136,300,1,0
0399,과학기술,사이버보안,18,18,1.4784,1.4589,300,1,0
0400,과학기술,사이버보안,18,18,1.4508,1.3895,300,1,0
0401,과학기술,사이버보안,18,18,1.3717,1.3672,300,1,0
0402,과학기술,사이버보안,18,18,1.3672,1.3647,300,1,0
0403,과학기술,사이버보안,18,18,1.2351,1.2132,300,1,0
0404,과학기술,사이버보안,18,18,1.185,1.1265,300,1,0
0405,과학기술,사이버보안,18,18,1.1003,1.0255,300,1,0
0406,과학기술,소프트웨어,18,18,4.4873,4.4873,300,1,1
0407,과학기술,소프트웨어,18,18,4.3879,4.3879,300,1,1
0408,과학기술,소프트웨어,18,18,4.3378,4.3301,300,1,1
0409,과학기술,소프트웨어,18,18,4.3301,4.3268,300,1,1
0410,과학기술,소프트웨어,18,18,4.3174,4.2806,300,1,1
0411,과학기술,소프트웨어,18,18,4.2558,4.2119,300,1,1
0412,과학기술,소프트웨어,18,18,4.2024,4.1706,300,1,1
0413,과학기술,소프트웨어,18,18,4.1249,4.1076,300,1,1
0414,과학기술,소프트웨어,18,18,4.0767,4.0767,300,1,1
0415,과학기술,소프트웨어,18,18,4.0747,4.0697,300,1,1
0416,과학기술,소프트웨어,18,18,4.0587,4.0386,300,1,1
0417,과학기술,소프트웨어,18,18,3.9894,3.9638,300,1,1
0418,과학기술,소프트웨어,18,18,3.9521,3.9457,300,1,1
0419,과학기술,소프트웨어,18,18,3.9446,3.8907,300,1,1
0420,과학기술,소프트웨어,18,18,3.884,3.8663,300,1,1
0421,과학기술,소프트웨어,18,18,3.8346,3.83,300,1,1
0422,과학기술,소프트웨어,18,18,3.8193,3.7895,300,1,1
0423,과학기술,소프트웨어,18,18,3.7767,3.7561,300,1,1
0424,과학기술,소프트웨어,18,18,3.7494,3.7326,300,1,1
0425,과학기술,소프트웨어,18,18,3.7262,3.6946,300,1,1
0426,과학기술,소프트웨어,18,18,3.6934,3.6594,300,1,1
0427,과학기술,소프트웨어,18,18,3.6594,3.6466,300,1,1
0428,과학기술,소프트웨어,18,18,3.6238,3.6135,300,1,1
0429,과학기술,소프트웨어,18,18,3.5878,3.5873,300,1,1
0430,과학기술,소프트웨어,18,18,3.5777,3.5578,300,1,1
0431,과학기술,소프트웨어,18,18,3.5424,3.5226,300,1,1
0432,과학기술,소프트웨어,18,18,3.5176,3.4759,300,1,1
0433,과학기술,소프트웨어,18,18,3.4715,3.4606,300,1,1
0434,과학기술,소프트웨어,18,18,3.4586,3.4449,300,1,1
0435,과학기술,소프트웨어,18,18,3.4449,3.4117,300,1,1
0436,과학기술,소프트웨어,18,18,3.4117,3.3645,300,1,1
0437,과학기술,소프트웨어,18,18,3.361,3.3431,300,1,1
0438,과학기술,소프트웨어,18,18,3.3246,3.318,300,1,1
0439,과학기술,소프트웨어,18,18,3.2907,3.2856,300,1,0
0440,과학기술,소프트웨어,18,18,3.2705,3.2495,300,1,0
0441,과학기술,소프트웨어,18,18,3.2386,3.2386,300,1,0
0442,과학기술,소프트웨어,18,18,3.2181,3.2153,300,1,0
0443,과학기술,소프트웨어,18,18,3.2153,3.2144,300,1,0
0444,과학기술,소프트웨어,18,18,3.2108,3.1576,300,1,0
0445,과학기술,소프트웨어,18,18,3.1437,3.1367,300,1,0
0446,과학기술,소프트웨어,18,18,3.118,3.0812,300,1,0
0447,과학기술,소프트웨어,18,18,3.0773,3.0759,300,1,0
0448,과학기술,소프트웨어,18,18,3.0605,3.0541,300,1,0
0449,과학기술,소프트웨어,18,18,3.0415,3.0415,300,1,0
0450,과학기술,소프트웨어,18,18,3.0371,3.0371,300,1,0
0451,과학기술,소프트웨어,18,18,3.0265,2.9399,300,1,0
0452,과학기술,소프트웨어,18,18,2.9114,2.9106,300,1,0
0453,과학기술,소프트웨어,18,18,2.9006,2.8771,300,1,0
0454,과학기술,소프트웨어,18,18,2.5859,2.5616,300,1,0
0455,과학기술,소프트웨어,18,18,2.5465,2.5215,300,1,0
0456,과학기술,소프트웨어,18,18,2.5198,2.3673,300,1,0
0457,과학기술,소프트웨어,18,18,2.2767,2.2172,300,1,0
0458,과학기술,소프트웨어,18,18,2.2012,2.1652,300,1,0
0459,과학기술,소프트웨어,18,18,2.1168,2.0789,300,1,0
0460,과학기술,소프트웨어,18,18,2.0758,2.0758,300,1,0
0461,과학기술,소프트웨어,18,18,2.0378,1.8895,300,1,0
0462,과학기술,소프트웨어,18,18,1.8275,1.8028,300,1,0
0463,과학기술,소프트웨어,18,18,1.7504,1.6726,300,1,0
0464,과학기술,소프트웨어,18,18,1.6595,1.6595,300,1,0
0465,과학기술,소프트웨어,18,18,1.6298,1.5696,300,1,0
0466,과학기술,소프트웨어,18,18,1.4801,1.4589,300,1,0
0467,과학기술,소프트웨어,18,18,1.4589,1.3756,300,1,0
0468,과학기술,소프트웨어,18,18,1.2501,1.2351,300,1,0
0469,과학기술,소프트웨어,18,18,1.2132,1.185,300,1,0
0470,과학기술,소프트웨어,18,18,1.0698,1.0698,300,1,0
0471,과학기술,바이오공학,18,18,4.4999,4.4846,300,1,1
0472,과학기술,바이오공학,18,18,4.4765,4.4765,300,1,1
0473,과학기술,바이오공학,18,18,4.4729,4.4697,300,1,1
0474,과학기술,바이오공학,18,18,4.4546,4.4105,300,1,1
0475,과학기술,바이오공학,18,18,4.3897,4.3787,300,1,1
0476,과학기술,바이오공학,18,18,4.3787,4.3249,300,1,1
0477,과학기술,바이오공학,18,18,4.3249,4.2911,300,1,1
0478,과학기술,바이오공학,18,18,4.2717,4.2128,300,1,1
0479,과학기술,바이오공학,18,18,4.2037,4.2024,300,1,1
0480,과학기술,바이오공학,18,18,4.1706,4.1588,300,1,1
0481,과학기술,바이오공학,18,18,4.1308,4.1308,300,1,1
0482,과학기술,바이오공학,18,18,4.0709,4.0654,300,1,1
0483,과학기술,바이오공학,18,18,4.0587,4.0381,300,1,1
0484,과학기술,바이오공학,18,18,4.0276,3.986,300,1,1
0485,과학기술,바이오공학,18,18,3.9813,3.9681,300,1,1
0486,과학기술,바이오공학,18,18,3.9638,3.9554,300,1,1
0487,과학기술,바이오공학,18,18,3.9521,3.9521,300,1,1
0488,과학기술,바이오공학,18,18,3.9446,3.9446,300,1,1
0489,과학기술,바이오공학,18,18,3.9233,3.914,300,1,1
0490,과학기술,바이오공학,18,18,3.9019,3.9019,300,1,1
0491,과학기술,바이오공학,18,18,3.9016,3.8757,300,1,1
0492,과학기술,바이오공학,18,18,3.8405,3.8405,300,1,1
0493,과학기술,바이오공학,18,18,3.8382,3.8346,300,1,1
0494,과학기술,바이오공학,18,18,3.729,3.729,300,1,1
0495,과학기술,바이오공학,18,18,3.6946,3.6731,300,1,1
0496,과학기술,바이오공학,18,18,3.6631,3.637,300,1,1
0497,과학기술,바이오공학,18,18,3.6358,3.6024,300,1,1
0498,과학기술,바이오공학,18,18,3.6024,3.6024,300,1,1
0499,과학기술,바이오공학,18,18,3.5912,3.5878,300,1,1
0500,과학기술,바이오공학,18,18,3.5777,3.5578,300,1,1
0501,과학기술,바이오공학,18,18,3.5275,3.5224,300,1,1
0502,과학기술,바이오공학,18,18,3.5176,3.5002,300,1,1
0503,과학기술,바이오공학,18,18,3.5002,3.5002,300,1,1
0504,과학기술,바이오공학,18,18,3.4759,3.4715,300,1,1
0505,과학기술,바이오공학,18,18,3.461,3.4586,300,1,1
0506,과학기술,바이오공학,18,18,3.3899,3.361,300,1,0
0507,과학기술,바이오공학,18,18,3.3484,3.3431,300,1,0
0508,과학기술,바이오공학,18,18,3.3431,3.2856,300,1,0
0509,과학기술,바이오공학,18,18,3.2807,3.2705,300,1,0
0510,과학기술,바이오공학,18,18,3.2282,3.2181,300,1,0
0511,과학기술,바이오공학,18,18,3.2181,3.2001,300,1,0
0512,과학기술,바이오공학,18,18,3.139,3.1018,300,1,0
0513,과학기술,바이오공학,18,18,3.0968,3.0812,300,1,0
0514,과학기술,바이오공학,18,18,3.0759,3.0541,300,1,0
0515,과학기술,바이오공학,18,18,3.0451,2.9114,300,1,0
0516,과학기술,바이오공학,18,18,2.9006,2.8771,300,1,0
0517,과학기술,바이오공학,18,18,2.7998,2.7998,300,1,0
0518,과학기술,바이오공학,18,18,2.7966,2.6802,300,1,0
0519,과학기술,바이오공학,18,18,2.6613,2.5859,300,1,0
0520,과학기술,바이오공학,18,18,2.5859,2.5801,300,1,0
0521,과학기술,바이오공학,18,18,2.5564,2.5564,300,1,0
0522,과학기술,바이오공학,18,18,2.5215,2.4197,300,1,0
0523,과학기술,바이오공학,18,18,2.2213,2.2213,300,1,0
0524,과학기술,바이오공학,18,18,2.2086,2.2012,300,1,0
0525,과학기술,바이오공학,18,18,2.1205,2.1205,300,1,0
0526,과학기술,바이오공학,18,18,2.0789,2.0758,300,1,0
0527,과학기술,바이오공학,18,18,2.0361,1.9739,300,1,0
0528,과학기술,바이오공학,18,18,1.8895,1.8592,300,1,0
0529,과학기술,바이오공학,18,18,1.7797,1.7778,300,1,0
0530,과학기술,바이오공학,18,18,1.7715,1.7715,300,1,0
0531,과학기술,바이오공학,18,18,1.7715,1.7504,300,1,0
0532,과학기술,바이오공학,18,18,1.7316,1.6758,300,1,0
0533,과학기술,바이오공학,18,18,1.6726,1.6694,300,1,0
0534,과학기술,바이오공학,18,18,1.6298,1.6069,300,1,0
0535,과학기술,바이오공학,18,18,1.4808,1.442,300,1,0
0536,과학기술,바이오공학,18,18,1.442,1.394,300,1,0
0537,과학기술,바이오공학,18,18,1.3361,1.321,300,1,0
0538,과학기술,바이오공학,18,18,1.2983,1.2983,300,1,0
0539,과학기술,바이오공학,18,18,1.2132,1.185,300,1,0
0540,과학기술,바이오공학,18,18,1.185,1.1003,300,1,0
0541,과학기술,바이오공학,18,18,1.0979,1.097,300,1,0
0542,과학기술,바이오공학,18,18,1.097,1.097,300,1,0
0543,과학기술,수학,18,18,4.4879,4.4697,300,1,1
0544,과학기술,수학,18,18,4.385,4.3451,300,1,1
0545,과학기술,수학,18,18,4.2911,4.2806,300,1,1
0546,과학기술,수학,18,18,4.2806,4.2558,300,1,1
0547,과학기술,수학,18,18,4.2432,4.2128,300,1,1
0548,과학기술,수학,18,18,4.2128,4.185,300,1,1
0549,과학기술,수학,18,18,4.0908,4.0873,300,1,1
0550,과학기술,수학,18,18,4.0709,4.0697,300,1,1
0551,과학기술,수학,18,18,4.0386,3.9813,300,1,1
0552,과학기술,수학,18,18,3.914,3.8905,300,1,1
0553,과학기술,수학,18,18,3.884,3.8757,300,1,1
0554,과학기술,수학,18,18,3.8483,3.8364,300,1,1
0555,과학기술,수학,18,18,3.8346,3.8304,300,1,1
0556,과학기술,수학,18,18,3.8193,3.7843,300,1,1
0557,과학기술,수학,18,18,3.7843,3.7751,300,1,1
0558,과학기술,수학,18,18,3.7561,3.7326,300,1,1
0559,과학기술,수학,18,18,3.7326,3.6837,300,1,1
0560,과학기술,수학,18,18,3.6731,3.6712,300,1,1
0561,과학기술,수학,18,18,3.6135,3.5424,300,1,1
0562,과학기술,수학,18,18,3.5253,3.5251,300,1,1
0563,과학기술,수학,18,18,3.5224,3.4907,300,1,1
0564,과학기술,수학,18,18,3.4744,3.4715,300,1,1
0565,과학기술,수학,18,18,3.4403,3.4024,300,1,1
0566,과학기술,수학,18,18,3.3966,3.3899,300,1,1
0567,과학기술,수학,18,18,3.3484,3.3383,300,1,1
0568,과학기술,수학,18,18,3.3141,3.31,300,1,1
0569,과학기술,수학,18,18,3.2907,3.2856,300,1,1
0570,과학기술,수학,18,18,3.2495,3.2386,300,1,1
0571,과학기술,수학,18,18,3.2282,3.2263,300,1,1
0572,과학기술,수학,18,18,3.2108,3.2001,300,1,1
0573,과학기술,수학,18,18,3.1571,3.0605,300,1,1
0574,과학기술,수학,18,18,3.0592,3.0451,300,1,1
0575,과학기술,수학,18,18,3.0265,2.8686,300,1,1
0576,과학기술,수학,18,18,2.758,2.758,300,1,1
0577,과학기술,수학,18,18,2.7304,2.7304,300,1,1
0578,과학기술,수학,18,18,2.7015,2.7015,300,1,1
0579,과학기술,수학,18,18,2.6802,2.2237,300,1,1
0580,과학기술,수학,18,18,2.0376,2.0361,300,1,1
0581,과학기술,수학,18,18,1.9961,1.9739,300,1,1
0582,과학기술,수학,18,18,1.8971,1.8592,300,1,0
0583,과학기술,수학,18,18,1.8303,1.8303,300,1,0
0584,과학기술,수학,18,18,1.7797,1.6758,300,1,0
0585,과학기술,수학,18,18,1.6718,1.5731,300,1,0
0586,과학기술,수학,18,18,1.5136,1.4801,300,1,0
0587,과학기술,수학,18,18,1.4604,1.4508,300,1,0
0588,과학기술,수학,18,18,1.442,1.394,300,1,0
0589,과학기술,수학,18,18,1.3717,1.2365,300,1,0
0590,과학기술,수학,18,18,1.1265,1.0698,300,1,0
0591,과학기술,정보통계학,18,18,4.4105,4.4105,300,1,1
0592,과학기술,정보통계학,18,18,4.3451,4.3346,300,1,1
0593,과학기술,정보통계학,18,18,4.3301,4.3024,300,1,1
0594,과학기술,정보통계학,18,18,4.3024,4.2911,300,1,1
0595,과학기술,정보통계학,18,18,4.2859,4.2355,300,1,1
0596,과학기술,정보통계학,18,18,4.2355,4.2213,300,1,1
0597,과학기술,정보통계학,18,18,4.1249,4.0767,300,1,1
0598,과학기술,정보통계학,18,18,4.0654,4.0292,300,1,1
0599,과학기술,정보통계학,18,18,4.0276,4.0118,300,1,1
0600,과학기술,정보통계학,18,18,3.9981,3.97,300,1,1
0601,과학기술,정보통계학,18,18,3.9681,3.9646,300,1,1
0602,과학기술,정보통계학,18,18,3.9521,3.9457,300,1,1
0603,과학기술,정보통계학,18,18,3.9233,3.9019,300,1,1
0604,과학기술,정보통계학,18,18,3.8907,3.8907,300,1,1
0605,과학기술,정보통계학,18,18,3.8757,3.8721,300,1,1
0606,과학기술,정보통계학,18,18,3.8663,3.8454,300,1,1
0607,과학기술,정보통계학,18,18,3.8454,3.8346,300,1,1
0608,과학기술,정보통계학,18,18,3.83,3.7993,300,1,1
0609,과학기술,정보통계학,18,18,3.7895,3.7751,300,1,1
0610,과학기술,정보통계학,18,18,3.7561,3.7494,300,1,1
0611,과학기술,정보통계학,18,18,3.7484,3.7156,300,1,1
0612,과학기술,정보통계학,18,18,3.6946,3.6837,300,1,1
0613,과학기술,정보통계학,18,18,3.6712,3.6619,300,1,1
0614,과학기술,정보통계학,18,18,3.6594,3.6594,300,1,1
0615,과학기술,정보통계학,18,18,3.637,3.6024,300,1,1
0616,과학기술,정보통계학,18,18,3.5878,3.5275,300,1,1
0617,과학기술,정보통계학,18,18,3.5253,3.5251,300,1,1
0618,과학기술,정보통계학,18,18,3.5251,3.5176,300,1,1
0619,과학기술,정보통계학,18,18,3.4759,3.4586,300,1,1
0620,과학기술,정보통계학,18,18,3.4117,3.4117,300,1,1
0621,과학기술,정보통계학,18,18,3.4024,3.3966,300,1,1
0622,과학기술,정보통계학,18,18,3.3552,3.3552,300,1,1
0623,과학기술,정보통계학,18,18,3.3141,3.31,300,1,1
0624,과학기술,정보통계학,18,18,3.2892,3.2807,300,1,1
0625,과학기술,정보통계학,18,18,3.2705,3.2705,300,1,1
0626,과학기술,정보통계학,18,18,3.2282,3.2108,300,1,1
0627,과학기술,정보통계학,18,18,3.1939,3.1571,300,1,1
0628,과학기술,정보통계학,18,18,3.118,3.0968,300,1,1
0629,과학기술,정보통계학,18,18,3.0812,3.0371,300,1,1
0630,과학기술,정보통계학,18,18,2.9526,2.9399,300,1,0
0631,과학기술,정보통계학,18,18,2.9006,2.7166,300,1,0
0632,과학기술,정보통계학,18,18,2.7166,2.7015,300,1,0
0633,과학기술,정보통계학,18,18,2.5796,2.5616,300,1,0
0634,과학기술,정보통계학,18,18,2.5465,2.5395,300,1,0
0635,과학기술,정보통계학,18,18,2.5395,2.5198,300,1,0
0636,과학기술,정보통계학,18,18,2.4197,2.4197,300,1,0
0637,과학기술,정보통계학,18,18,2.3919,2.2392,300,1,0
0638,과학기술,정보통계학,18,18,2.2086,2.2086,300,1,0
0639,과학기술,정보통계학,18,18,2.2079,2.1168,300,1,0
0640,과학기술,정보통계학,18,18,2.1168,2.0378,300,1,0
0641,과학기술,정보통계학,18,18,1.9961,1.8971,300,1,0
0642,과학기술,정보통계학,18,18,1.8028,1.6758,300,1,0
0643,과학기술,정보통계학,18,18,1.6718,1.6694,300,1,0
0644,과학기술,정보통계학,18,18,1.6647,1.6298,300,1,0
0645,과학기술,정보통계학,18,18,1.5898,1.5136,300,1,0
0646,과학기술,정보통계학,18,18,1.4801,1.3895,300,1,0
0647,과학기술,정보통계학,18,18,1.3717,1.3672,300,1,0
0648,과학기술,정보통계학,18,18,1.3647,1.321,300,1,0
0649,과학기술,정보통계학,18,18,1.2365,1.0255,300,1,0
0650,과학기술,화학,18,18,4.4873,4.4765,300,1,1
0651,과학기술,화학,18,18,4.3897,4.385,300,1,1
0652,과학기술,화학,18,18,4.385,4.352,300,1,1
0653,과학기술,화학,18,18,4.3378,4.3268,300,1,1
0654,과학기술,화학,18,18,4.2432,4.2119,300,1,1
0655,과학기술,화학,18,18,4.2091,4.185,300,1,1
0656,과학기술,화학,18,18,4.1588,4.0908,300,1,1
0657,과학기술,화학,18,18,4.0873,4.0386,300,1,1
0658,과학기술,화학,18,18,4.0292,4.0276,300,1,1
0659,과학기술,화학,18,18,4.0214,4.0118,300,1,1
0660,과학기술,화학,18,18,3.9981,3.9813,300,1,1
0661,과학기술,화학,18,18,3.97,3.9681,300,1,1
0662,과학기술,화학,18,18,3.9549,3.9549,300,1,1
0663,과학기술,화학,18,18,3.9233,3.914,300,1,1
0664,과학기술,화학,18,18,3.8905,3.884,300,1,1
0665,과학기술,화학,18,18,3.8483,3.8304,300,1,1
0666,과학기술,화학,18,18,3.7993,3.7895,300,1,1
0667,과학기술,화학,18,18,3.7767,3.7767,300,1,1
0668,과학기술,화학,18,18,3.7751,3.7494,300,1,1
0669,과학기술,화학,18,18,3.7484,3.6784,300,1,1
0670,과학기술,화학,18,18,3.6748,3.667,300,1,1
0671,과학기술,화학,18,18,3.6619,3.637,300,1,1
0672,과학기술,화학,18,18,3.6358,3.6248,300,1,1
0673,과학기술,화학,18,18,3.6248,3.6238,300,1,1
0674,과학기술,화학,18,18,3.5912,3.5873,300,1,1
0675,과학기술,화학,18,18,3.5777,3.5578,300,1,1
0676,과학기술,화학,18,18,3.5275,3.5253,300,1,1
0677,과학기술,화학,18,18,3.5226,3.5224,300,1,1
0678,과학기술,화학,18,18,3.5224,3.4744,300,1,1
0679,과학기술,화학,18,18,3.461,3.4606,300,1,1
0680,과학기술,화학,18,18,3.432,3.3874,300,1,1
0681,과학기술,화학,18,18,3.3874,3.3711,300,1,1
0682,과학기술,화학,18,18,3.3645,3.3246,300,1,1
0683,과학기술,화학,18,18,3.318,3.3141,300,1,1
0684,과학기술,화학,18,18,3.2892,3.2263,300,1,1
0685,과학기술,화학,18,18,3.2144,3.2001,300,1,1
0686,과학기술,화학,18,18,3.0773,3.0759,300,1,1
0687,과학기술,화학,18,18,3.0371,2.9526,300,1,1
0688,과학기술,화학,18,18,2.9106,2.8771,300,1,1
0689,과학기술,화학,18,18,2.8686,2.7647,300,1,0
0690,과학기술,화학,18,18,2.757,2.7166,300,1,0
0691,과학기술,화학,18,18,2.6519,2.5465,300,1,0
0692,과학기술,화학,18,18,2.5215,2.5198,300,1,0
0693,과학기술,화학,18,18,2.4945,2.3919,300,1,0
0694,과학기술,화학,18,18,2.3904,2.3673,300,1,0
0695,과학기술,화학,18,18,2.2392,2.2392,300,1,0
0696,과학기술,화학,18,18,2.2237,2.174,300,1,0
0697,과학기술,화학,18,18,2.1205,1.9961,300,1,0
0698,과학기술,화학,18,18,1.9739,1.9617,300,1,0
0699,과학기술,화학,18,18,1.8971,1.8895,300,1,0
0700,과학기술,화학,18,18,1.8592,1.8028,300,1,0
0701,과학기술,화학,18,18,1.7797,1.7797,300,1,0
0702,과학기술,화학,18,18,1.7316,1.6726,300,1,0
0703,과학기술,화학,18,18,1.6298,1.5898,300,1,0
0704,과학기술,화학,18,18,1.5747,1.5731,300,1,0
0705,과학기술,화학,18,18,1.5696,1.4808,300,1,0
0706,과학기술,화학,18,18,1.4604,1.4251,300,1,0
0707,과학기술,화학,18,18,1.4251,1.3756,300,1,0
0708,과학기술,화학,18,18,1.3717,1.3361,300,1,0
0709,과학기술,화학,18,18,1.3361,1.3173,300,1,0
0710,과학기술,화학,18,18,1.2501,1.1062,300,1,0
0711,과학기술,화학,18,18,1.1062,1.1003,300,1,0
0712,과학기술,식품영양학,18,18,4.4999,4.4729,300,1,1
0713,과학기술,식품영양학,18,18,4.4546,4.385,300,1,1
0714,과학기술,식품영양학,18,18,4.3365,4.3249,300,1,1
0715,과학기술,식품영양학,18,18,4.2859,4.2794,300,1,1
0716,과학기술,식품영양학,18,18,4.2648,4.2567,300,1,1
0717,과학기술,식품영양학,18,18,4.2567,4.2213,300,1,1
0718,과학기술,식품영양학,18,18,4.2119,4.2091,300,1,1
0719,과학기술,식품영양학,18,18,4.2091,4.185,300,1,1
0720,과학기술,식품영양학,18,18,4.185,4.1799,300,1,1
0721,과학기술,식품영양학,18,18,4.148,4.1249,300,1,1
0722,과학기술,식품영양학,18,18,4.1076,4.0908,300,1,1
0723,과학기술,식품영양학,18,18,4.0908,4.0873,300,1,1
0724,과학기술,식품영양학,18,18,4.0873,4.0587,300,1,1
0725,과학기술,식품영양학,18,18,4.0386,4.0381,300,1,1
0726,과학기술,식품영양학,18,18,3.986,3.986,300,1,1
0727,과학기술,식품영양학,18,18,3.9813,3.9646,300,1,1
0728,과학기술,식품영양학,18,18,3.9591,3.9591,300,1,1
0729,과학기술,식품영양학,18,18,3.9303,3.9019,300,1,1
0730,과학기술,식품영양학,18,18,3.8757,3.8635,300,1,1
0731,과학기술,식품영양학,18,18,3.8483,3.8382,300,1,1
0732,과학기술,식품영양학,18,18,3.8364,3.8364,300,1,1
0733,과학기술,식품영양학,18,18,3.8304,3.8193,300,1,1
0734,과학기술,식품영양학,18,18,3.7993,3.7751,300,1,1
0735,과학기술,식품영양학,18,18,3.7587,3.7326,300,1,1
0736,과학기술,식품영양학,18,18,3.729,3.7156,300,1,1
0737,과학기술,식품영양학,18,18,3.6946,3.667,300,1,1
0738,과학기술,식품영양학,18,18,3.6631,3.6619,300,1,1
0739,과학기술,식품영양학,18,18,3.6317,3.6248,300,1,1
0740,과학기술,식품영양학,18,18,3.6248,3.6238,300,1,1
0741,과학기술,식품영양학,18,18,3.6228,3.6135,300,1,1
0742,과학기술,식품영양학,18,18,3.5912,3.5157,300,1,1
0743,과학기술,식품영양학,18,18,3.4715,3.4606,300,1,1
0744,과학기술,식품영양학,18,18,3.432,3.432,300,1,1
0745,과학기술,식품영양학,18,18,3.3764,3.3711,300,1,1
0746,과학기술,식품영양학,18,18,3.3552,3.3383,300,1,1
0747,과학기술,식품영양학,18,18,3.2974,3.2471,300,1,1
0748,과학기술,식품영양학,18,18,3.2153,3.1576,300,1,1
0749,과학기술,식품영양학,18,18,3.1437,3.1322,300,1,1
0750,과학기술,식품영양학,18,18,3.1018,3.1018,300,1,1
0751,과학기술,식품영양학,18,18,3.0415,2.9526,300,1,1
0752,과학기술,식품영양학,18,18,2.9006,2.757,300,1,1
0753,과학기술,식품영양학,18,18,2.7304,2.7015,300,1,1
0754,과학기술,식품영양학,18,18,2.6613,2.6519,300,1,1
0755,과학기술,식품영양학,18,18,2.5801,2.5796,300,1,1
0756,과학기술,식품영양학,18,18,2.3919,2.3673,300,1,1
0757,과학기술,식품영양학,18,18,2.2767,2.2392,300,1,1
0758,과학기술,식품영양학,18,18,2.2237,2.2213,300,1,1
0759,과학기술,식품영양학,18,18,2.2213,2.2172,300,1,1
0760,과학기술,식품영양학,18,18,2.2172,2.2079,300,1,1
0761,과학기술,식품영양학,18,18,2.2079,2.2012,300,1,1
0762,과학기술,식품영양학,18,18,2.1652,2.0789,300,1,1
0763,과학기술,식품영양학,18,18,1.9963,1.9617,300,1,1
0764,과학기술,식품영양학,18,18,1.9617,1.8971,300,1,1
0765,과학기술,식품영양학,18,18,1.8929,1.8929,300,1,1
0766,과학기술,식품영양학,18,18,1.8895,1.8275,300,1,1
0767,과학기술,식품영양학,18,18,1.6758,1.6595,300,1,1
0768,과학기술,식품영양학,18,18,1.5731,1.4508,300,1,1
0769,과학기술,식품영양학,18,18,1.394,1.3756,300,1,1
0770,과학기술,식품영양학,18,18,1.1265,1.1265,300,1,1
0771,과학기술,식품영양학,18,18,1.097,1.0969,300,1,1
0772,과학기술,생활체육학,18,18,4.4697,4.4697,300,1,1
0773,과학기술,생활체육학,18,18,4.4105,4.3346,300,1,1
0774,과학기술,생활체육학,18,18,4.3268,4.2911,300,1,1
0775,과학기술,생활체육학,18,18,4.2794,4.2717,300,1,1
0776,과학기술,생활체육학,18,18,4.2648,4.2648,300,1,1
0777,과학기술,생활체육학,18,18,4.2558,4.2213,300,1,1
0778,과학기술,생활체육학,18,18,4.2128,4.2119,300,1,1
0779,과학기술,생활체육학,18,18,4.2037,4.1799,300,1,1
0780,과학기술,생활체육학,18,18,4.148,4.1249,300,1,1
0781,과학기술,생활체육학,18,18,4.1076,4.0709,300,1,1
0782,과학기술,생활체육학,18,18,4.0697,4.0654,300,1,1
0783,과학기술,생활체육학,18,18,4.0654,4.0622,300,1,1
0784,과학기술,생활체육학,18,18,4.0381,4.0292,300,1,1
0785,과학기술,생활체육학,18,18,4.0276,4.0118,300,1,1
0786,과학기술,생활체육학,18,18,3.9894,3.9646,300,1,1
0787,과학기술,생활체육학,18,18,3.9554,3.9549,300,1,1
0788,과학기술,생활체육학,18,18,3.9446,3.9303,300,1,1
0789,과학기술,생활체육학,18,18,3.914,3.8905,300,1,1
0790,과학기술,생활체육학,18,18,3.884,3.8635,300,1,1
0791,과학기술,생활체육학,18,18,3.8454,3.8382,300,1,1
0792,과학기술,생활체육학,18,18,3.8382,3.83,300,1,1
0793,과학기술,생활체육학,18,18,3.8246,3.8246,300,1,1
0794,과학기술,생활체육학,18,18,3.7993,3.7843,300,1,1
0795,과학기술,생활체육학,18,18,3.7262,3.7262,300,1,1
0796,과학기술,생활체육학,18,18,3.6934,3.6748,300,1,1
0797,과학기술,생활체육학,18,18,3.6712,3.667,300,1,1
0798,과학기술,생활체육학,18,18,3.6466,3.6466,300,1,1
0799,과학기술,생활체육학,18,18,3.6228,3.5777,300,1,0
0800,과학기술,생활체육학,18,18,3.5777,3.5333,300,1,0
0801,과학기술,생활체육학,18,18,3.5251,3.5226,300,1,0
0802,과학기술,생활체육학,18,18,3.5157,3.5157,300,1,0
0803,과학기술,생활체육학,18,18,3.4403,3.4128,300,1,0
0804,과학기술,생활체육학,18,18,3.4024,3.3874,300,1,0
0805,과학기술,생활체육학,18,18,3.3874,3.3764,300,1,0
0806,과학기술,생활체육학,18,18,3.3764,3.3711,300,1,0
0807,과학기술,생활체육학,18,18,3.3711,3.3645,300,1,0
0808,과학기술,생활체육학,18,18,3.3211,3.3141,300,1,0
0809,과학기술,생활체육학,18,18,3.31,3.31,300,1,0
0810,과학기술,생활체육학,18,18,3.2974,3.2856,300,1,0
0811,과학기술,생활체육학,18,18,3.2807,3.2471,300,1,0
0812,과학기술,생활체육학,18,18,3.2282,3.2263,300,1,0
0813,과학기술,생활체육학,18,18,3.2144,3.2144,300,1,0
0814,과학기술,생활체육학,18,18,3.2108,3.1576,300,1,0
0815,과학기술,생활체육학,18,18,3.139,3.139,300,1,0
0816,과학기술,생활체육학,18,18,3.1367,3.1322,300,1,0
0817,과학기술,생활체육학,18,18,3.0773,3.0605,300,1,0
0818,과학기술,생활체육학,18,18,3.0592,3.0451,300,1,0
0819,과학기술,생활체육학,18,18,3.0415,3.0265,300,1,0
0820,과학기술,생활체육학,18,18,3.0265,2.9825,300,1,0
0821,과학기술,생활체육학,18,18,2.9825,2.9519,300,1,0
0822,과학기술,생활체육학,18,18,2.8686,2.7998,300,1,0
0823,과학기술,생활체육학,18,18,2.758,2.758,300,1,0
0824,과학기술,생활체육학,18,18,2.757,2.6519,300,1,0
0825,과학기술,생활체육학,18,18,2.5395,2.3904,300,1,0
0826,과학기술,생활체육학,18,18,2.2172,2.2086,300,1,0
0827,과학기술,생활체육학,18,18,2.2012,2.174,300,1,0
0828,과학기술,생활체육학,18,18,2.1168,2.0789,300,1,0
0829,과학기술,생활체육학,18,18,2.0758,2.0361,300,1,0
0830,과학기술,생활체육학,18,18,1.9963,1.9961,300,1,0
0831,과학기술,생활체육학,18,18,1.8929,1.8275,300,1,0
0832,과학기술,생활체육학,18,18,1.7778,1.7504,300,1,0
0833,과학기술,생활체육학,18,18,1.6718,1.6647,300,1,0
0834,과학기술,생활체육학,18,18,1.6069,1.6069,300,1,0
0835,과학기술,생활체육학,18,18,1.5747,1.4808,300,1,0
0836,과학기술,생활체육학,18,18,1.4801,1.4604,300,1,0
0837,과학기술,생활체육학,18,18,1.4604,1.442,300,1,0
0838,과학기술,생활체육학,18,18,1.4251,1.3895,300,1,0
0839,과학기술,생활체육학,18,18,1.3895,1.3173,300,1,0
0840,과학기술,생활체육학,18,18,1.2351,1.1062,300,1,0
0841,과학기술,생활체육학,18,18,1.1003,1.0979,300,1,0
0842,과학기술,생활체육학,18,18,1.0031,1.0031,300,1,0
0843,글로벌융합,국어국문학,18,18,4.9999,4.4975,300,1,1
0844,글로벌융합,국어국문학,18,18,4.4975,4.4966,300,1,1
0845,글로벌융합,국어국문학,18,18,4.4704,4.4704,300,1,1
0846,글로벌융합,국어국문학,18,18,4.4655,4.4655,300,1,1
0847,글로벌융합,국어국문학,18,18,4.447,4.446,300,1,1
0848,글로벌융합,국어국문학,18,18,4.4134,4.4023,300,1,1
0849,글로벌융합,국어국문학,18,18,4.3998,4.398,300,1,1
0850,글로벌융합,국어국문학,18,18,4.3259,4.3193,300,1,1
0851,글로벌융합,국어국문학,18,18,4.3193,4.3116,300,1,1
0852,글로벌융합,국어국문학,18,18,4.3092,4.3046,300,1,1
0853,글로벌융합,국어국문학,18,18,4.2798,4.2782,300,1,1
0854,글로벌융합,국어국문학,18,18,4.2651,4.2594,300,1,1
0855,글로벌융합,국어국문학,18,18,4.2594,4.2231,300,1,1
0856,글로벌융합,국어국문학,18,18,4.2017,4.192,300,1,1
0857,글로벌융합,국어국문학,18,18,4.1186,4.0315,300,1,1
0858,글로벌융합,국어국문학,18,18,4.0291,4.0085,300,1,1
0859,글로벌융합,국어국문학,18,18,4.0075,3.9933,300,1,1
0860,글로벌융합,국어국문학,18,18,3.9735,3.9708,300,1,1
0861,글로벌융합,국어국문학,18,18,3.9633,3.9292,300,1,1
0862,글로벌융합,국어국문학,18,18,3.9174,3.9167,300,1,1
0863,글로벌융합,국어국문학,18,18,3.9151,3.9143,300,1,1
0864,글로벌융합,국어국문학,18,18,3.9143,3.8654,300,1,1
0865,글로벌융합,국어국문학,18,18,3.8576,3.8322,300,1,1
0866,글로벌융합,국어국문학,18,18,3.7983,3.7983,300,1,1
0867,글로벌융합,국어국문학,18,18,3.7827,3.7745,300,1,1
0868,글로벌융합,국어국문학,18,18,3.7389,3.7347,300,1,1
0869,글로벌융합,국어국문학,18,18,3.7173,3.7057,300,1,1
0870,글로벌융합,국어국문학,18,18,3.6161,3.6004,300,1,1
0871,글로벌융합,국어국문학,18,18,3.5916,3.5592,300,1,1
0872,글로벌융합,국어국문학,18,18,3.5556,3.5556,300,1,1
0873,글로벌융합,국어국문학,18,18,3.5556,3.5519,300,1,1
0874,글로벌융합,국어국문학,18,18,3.5211,3.5142,300,1,1
0875,글로벌융합,국어국문학,18,18,3.4969,3.4411,300,1,1
0876,글로벌융합,국어국문학,18,18,3.4402,3.4338,300,1,1
0877,글로벌융합,국어국문학,18,18,3.4338,3.4052,300,1,1
0878,글로벌융합,국어국문학,18,18,3.4034,3.3146,300,1,0
0879,글로벌융합,국어국문학,18,18,3.3016,3.3016,300,1,0
0880,글로벌융합,국어국문학,18,18,3.2981,3.2892,300,1,0
0881,글로벌융합,국어국문학,18,18,3.2868,3.2195,300,1,0
0882,글로벌융합,국어국문학,18,18,3.1703,3.1339,300,1,0
0883,글로벌융합,국어국문학,18,18,3.1239,3.0977,300,1,0
0884,글로벌융합,국어국문학,18,18,3.0544,3.0193,300,1,0
0885,글로벌융합,국어국문학,18,18,3.0052,2.9158,300,1,0
0886,글로벌융합,국어국문학,18,18,2.8631,2.8073,300,1,0
0887,글로벌융합,국어국문학,18,18,2.7657,2.6796,300,1,0
0888,글로벌융합,국어국문학,18,18,2.6074,2.5697,300,1,0
0889,글로벌융합,국어국문학,18,18,2.4857,2.3672,300,1,0
0890,글로벌융합,국어국문학,18,18,2.2517,2.2394,300,1,0
0891,글로벌융합,국어국문학,18,18,2.0734,2.0594,300,1,0
0892,글로벌융합,국어국문학,18,18,1.599,1.473,300,1,0
0893,글로벌융합,국어국문학,18,18,1.4173,1.4024,300,1,0
0894,글로벌융합,국어국문학,18,18,1.168,1.1295,300,1,0
0895,글로벌융합,국어국문학,18,18,1.0741,1.0004,300,1,0
0896,글로벌융합,일어일문학,18,18,4.4724,4.457,300,1,1
0897,글로벌융합,일어일문학,18,18,4.457,4.447,300,1,1
0898,글로벌융합,일어일문학,18,18,4.4049,4.3956,300,1,1
0899,글로벌융합,일어일문학,18,18,4.3793,4.3793,300,1,1
0900,글로벌융합,일어일문학,18,18,4.3728,4.3673,300,1,1
0901,글로벌융합,일어일문학,18,18,4.3445,4.327,300,1,1
0902,글로벌융합,일어일문학,18,18,4.2798,4.2732,300,1,1
0903,글로벌융합,일어일문학,18,18,4.2651,4.2651,300,1,1
0904,글로벌융합,일어일문학,18,18,4.2594,4.2421,300,1,1
0905,글로벌융합,일어일문학,18,18,4.2231,4.2166,300,1,1
0906,글로벌융합,일어일문학,18,18,4.2077,4.1858,300,1,1
0907,글로벌융합,일어일문학,18,18,4.1779,4.1605,300,1,1
0908,글로벌융합,일어일문학,18,18,4.1555,4.1227,300,1,1
0909,글로벌융합,일어일문학,18,18,4.1213,4.1143,300,1,1
0910,글로벌융합,일어일문학,18,18,4.0926,4.0751,300,1,1
0911,글로벌융합,일어일문학,18,18,4.0751,4.0697,300,1,1
0912,글로벌융합,일어일문학,18,18,4.0676,4.0609,300,1,1
0913,글로벌융합,일어일문학,18,18,4.0427,4.0258,300,1,1
0914,글로벌융합,일어일문학,18,18,4.0189,3.9841,300,1,1
0915,글로벌융합,일어일문학,18,18,3.9735,3.9615,300,1,1
0916,글로벌융합,일어일문학,18,18,3.9615,3.9524,300,1,1
0917,글로벌융합,일어일문학,18,18,3.8322,3.7827,300,1,1
0918,글로벌융합,일어일문학,18,18,3.7778,3.7719,300,1,1
0919,글로벌융합,일어일문학,18,18,3.7434,3.7434,300,1,1
0920,글로벌융합,일어일문학,18,18,3.735,3.735,300,1,1
0921,글로벌융합,일어일문학,18,18,3.731,3.681,300,1,1
0922,글로벌융합,일어일문학,18,18,3.681,3.6784,300,1,1
0923,글로벌융합,일어일문학,18,18,3.6599,3.636,300,1,1
0924,글로벌융합,일어일문학,18,18,3.6161,3.5516,300,1,1
0925,글로벌융합,일어일문학,18,18,3.5258,3.5211,300,1,1
0926,글로벌융합,일어일문학,18,18,3.5186,3.4969,300,1,1
0927,글로벌융합,일어일문학,18,18,3.462,3.4492,300,1,1
0928,글로벌융합,일어일문학,18,18,3.4426,3.4034,300,1,1
0929,글로벌융합,일어일문학,18,18,3.3972,3.3934,300,1,1
0930,글로벌융합,일어일문학,18,18,3.3533,3.3385,300,1,1
0931,글로벌융합,일어일문학,18,18,3.3134,3.3105,300,1,1
0932,글로벌융합,일어일문학,18,18,3.2979,3.2942,300,1,1
0933,글로벌융합,일어일문학,18,18,3.2871,3.228,300,1,0
0934,글로벌융합,일어일문학,18,18,3.1614,3.1557,300,1,0
0935,글로벌융합,일어일문학,18,18,3.1486,3.1237,300,1,0
0936,글로벌융합,일어일문학,18,18,3.0735,2.8195,300,1,0
0937,글로벌융합,일어일문학,18,18,2.6605,2.5131,300,1,0
0938,글로벌융합,일어일문학,18,18,2.4176,2.2424,300,1,0
0939,글로벌융합,일어일문학,18,18,2.1486,2.1263,300,1,0
0940,글로벌융합,일어일문학,18,18,2.0734,2.0651,300,1,0
0941,글로벌융합,일어일문학,18,18,2.0594,1.9428,300,1,0
0942,글로벌융합,일어일문학,18,18,1.8982,1.8461,300,1,0
0943,글로벌융합,일어일문학,18,18,1.7792,1.5971,300,1,0
0944,글로벌융합,일어일문학,18,18,1.5426,1.4842,300,1,0
0945,글로벌융합,일어일문학,18,18,1.297,1.2286,300,1,0
0946,글로벌융합,일어일문학,18,18,1.1913,1.0847,300,1,0
0947,글로벌융합,일어일문학,18,18,1.0619,1.0607,300,1,0
0948,글로벌융합,중어중문학,18,18,4.4999,4.4723,300,1,1
0949,글로벌융합,중어중문학,18,18,4.4386,4.4355,300,1,1
0950,글로벌융합,중어중문학,18,18,4.426,4.3928,300,1,1
0951,글로벌융합,중어중문학,18,18,4.3928,4.3913,300,1,1
0952,글로벌융합,중어중문학,18,18,4.3793,4.3505,300,1,1
0953,글로벌융합,중어중문학,18,18,4.3445,4.327,300,1,1
0954,글로벌융합,중어중문학,18,18,4.3103,4.3054,300,1,1
0955,글로벌융합,중어중문학,18,18,4.3054,4.2999,300,1,1
0956,글로벌융합,중어중문학,18,18,4.2798,4.2782,300,1,1
0957,글로벌융합,중어중문학,18,18,4.2613,4.2521,300,1,1
0958,글로벌융합,중어중문학,18,18,4.2438,4.2166,300,1,1
0959,글로벌융합,중어중문학,18,18,4.2087,4.183,300,1,1
0960,글로벌융합,중어중문학,18,18,4.1779,4.1627,300,1,1
0961,글로벌융합,중어중문학,18,18,4.1491,4.1394,300,1,1
0962,글로벌융합,중어중문학,18,18,4.1394,4.1089,300,1,1
0963,글로벌융합,중어중문학,18,18,4.1089,4.0697,300,1,1
0964,글로벌융합,중어중문학,18,18,4.0676,4.0289,300,1,1
0965,글로벌융합,중어중문학,18,18,4.0189,4.0168,300,1,1
0966,글로벌융합,중어중문학,18,18,4.0085,3.9963,300,1,1
0967,글로벌융합,중어중문학,18,18,3.9841,3.9801,300,1,1
0968,글로벌융합,중어중문학,18,18,3.9575,3.956,300,1,1
0969,글로벌융합,중어중문학,18,18,3.9478,3.9125,300,1,1
0970,글로벌융합,중어중문학,18,18,3.8956,3.8668,300,1,1
0971,글로벌융합,중어중문학,18,18,3.8621,3.8576,300,1,1
0972,글로벌융합,중어중문학,18,18,3.8526,3.8295,300,1,1
0973,글로벌융합,중어중문학,18,18,3.8295,3.8276,300,1,1
0974,글로벌융합,중어중문학,18,18,3.8078,3.7427,300,1,1
0975,글로벌융합,중어중문학,18,18,3.738,3.731,300,1,1
0976,글로벌융합,중어중문학,18,18,3.7236,3.7037,300,1,1
0977,글로벌융합,중어중문학,18,18,3.6646,3.6156,300,1,1
0978,글로벌융합,중어중문학,18,18,3.6004,3.538,300,1,1
0979,글로벌융합,중어중문학,18,18,3.5043,3.4614,300,1,1
0980,글로벌융합,중어중문학,18,18,3.4307,3.4304,300,1,1
0981,글로벌융합,중어중문학,18,18,3.4155,3.3831,300,1,1
0982,글로벌융합,중어중문학,18,18,3.3598,3.3533,300,1,1
0983,글로벌융합,중어중문학,18,18,3.3105,3.3016,300,1,1
0984,글로벌융합,중어중문학,18,18,3.2871,3.257,300,1,1
0985,글로벌융합,중어중문학,18,18,3.2499,3.2195,300,1,1
0986,글로벌융합,중어중문학,18,18,3.1957,3.1703,300,1,1
0987,글로벌융합,중어중문학,18,18,3.1339,3.1339,300,1,1
0988,글로벌융합,중어중문학,18,18,3.13,3.0052,300,1,1
0989,글로벌융합,중어중문학,18,18,2.9158,2.8631,300,1,1
0990,글로벌융합,중어중문학,18,18,2.6583,2.1934,300,1,1
0991,글로벌융합,중어중문학,18,18,1.9997,1.9586,300,1,1
0992,글로벌융합,중어중문학,18,18,1.9476,1.8614,300,1,1
0993,글로벌융합,중어중문학,18,18,1.7574,1.6044,300,1,1
0994,글로벌융합,중어중문학,18,18,1.5794,1.5794,300,1,0
0995,글로벌융합,중어중문학,18,18,1.5503,1.4538,300,1,0
0996,글로벌융합,중어중문학,18,18,1.4273,1.3799,300,1,0
0997,글로벌융합,중어중문학,18,18,1.3494,1.1601,300,1,0
0998,글로벌융합,중어중문학,18,18,1.1256,1.0754,300,1,0
0999,글로벌융합,영어영문학,18,18,4.4704,4.4667,300,1,1
1000,글로벌융합,영어영문학,18,18,4.457,4.4215,300,1,1
1001,글로벌융합,영어영문학,18,18,4.3913,4.3812,300,1,1
1002,글로벌융합,영어영문학,18,18,4.365,4.3288,300,1,1
1003,글로벌융합,영어영문학,18,18,4.3288,4.3193,300,1,1
1004,글로벌융합,영어영문학,18,18,4.3061,4.2798,300,1,1
1005,글로벌융합,영어영문학,18,18,4.2798,4.2655,300,1,1
1006,글로벌융합,영어영문학,18,18,4.2651,4.2438,300,1,1
1007,글로벌융합,영어영문학,18,18,4.2269,4.1819,300,1,1
1008,글로벌융합,영어영문학,18,18,4.1724,4.1721,300,1,1
1009,글로벌융합,영어영문학,18,18,4.172,4.1708,300,1,1
1010,글로벌융합,영어영문학,18,18,4.1627,4.1491,300,1,1
1011,글로벌융합,영어영문학,18,18,4.1491,4.1283,300,1,1
1012,글로벌융합,영어영문학,18,18,4.1229,4.1089,300,1,1
1013,글로벌융합,영어영문학,18,18,4.0943,4.0609,300,1,1
1014,글로벌융합,영어영문학,18,18,4.0255,4.0189,300,1,1
1015,글로벌융합,영어영문학,18,18,4.0128,3.9573,300,1,1
1016,글로벌융합,영어영문학,18,18,3.956,3.9478,300,1,1
1017,글로벌융합,영어영문학,18,18,3.9292,3.8705,300,1,1
1018,글로벌융합,영어영문학,18,18,3.863,3.7922,300,1,1
1019,글로벌융합,영어영문학,18,18,3.7789,3.6717,300,1,1
1020,글로벌융합,영어영문학,18,18,3.6599,3.6491,300,1,1
1021,글로벌융합,영어영문학,18,18,3.6313,3.5795,300,1,1
1022,글로벌융합,영어영문학,18,18,3.5592,3.5211,300,1,1
1023,글로벌융합,영어영문학,18,18,3.4991,3.4958,300,1,1
1024,글로벌융합,영어영문학,18,18,3.4958,3.4779,300,1,1
1025,글로벌융합,영어영문학,18,18,3.462,3.462,300,1,1
1026,글로벌융합,영어영문학,18,18,3.4402,3.4304,300,1,1
1027,글로벌융합,영어영문학,18,18,3.4155,3.4155,300,1,1
1028,글로벌융합,영어영문학,18,18,3.4047,3.3934,300,1,1
1029,글로벌융합,영어영문학,18,18,3.3901,3.3604,300,1,1
1030,글로벌융합,영어영문학,18,18,3.3146,3.2979,300,1,1
1031,글로벌융합,영어영문학,18,18,3.2871,3.2475,300,1,1
1032,글로벌융합,영어영문학,18,18,3.228,3.2223,300,1,1
1033,글로벌융합,영어영문학,18,18,3.2069,3.1975,300,1,1
1034,글로벌융합,영어영문학,18,18,3.139,3.0784,300,1,1
1035,글로벌융합,영어영문학,18,18,3.0784,3.0671,300,1,1
1036,글로벌융합,영어영문학,18,18,3.026,3.0246,300,1,1
1037,글로벌융합,영어영문학,18,18,3.0052,2.6074,300,1,1
1038,글로벌융합,영어영문학,18,18,2.4015,2.3913,300,1,1
1039,글로벌융합,영어영문학,18,18,2.3672,2.348,300,1,1
1040,글로벌융합,영어영문학,18,18,2.2442,2.2121,300,1,1
1041,글로벌융합,영어영문학,18,18,2.2121,2.2008,300,1,0
1042,글로벌융합,영어영문학,18,18,2.1263,1.8222,300,1,0
1043,글로벌융합,영어영문학,18,18,1.7792,1.7792,300,1,0
1044,글로벌융합,영어영문학,18,18,1.6819,1.6301,300,1,0
1045,글로벌융합,영어영문학,18,18,1.6301,1.5781,300,1,0
1046,글로벌융합,영어영문학,18,18,1.5503,1.4633,300,1,0
1047,글로벌융합,영어영문학,18,18,1.4414,1.3931,300,1,0
1048,글로벌융합,영어영문학,18,18,1.2957,1.2572,300,1,0
1049,글로벌융합,영어영문학,18,18,1.057,1.0004,300,1,0
1050,글로벌융합,불어불문학,18,18,4.4934,4.4386,300,1,1
1051,글로벌융합,불어불문학,18,18,4.4096,4.4049,300,1,1
1052,글로벌융합,불어불문학,18,18,4.3663,4.3116,300,1,1
1053,글로벌융합,불어불문학,18,18,4.3054,4.2994,300,1,1
1054,글로벌융합,불어불문학,18,18,4.2071,4.2017,300,1,1
1055,글로벌융합,불어불문학,18,18,4.1764,4.1721,300,1,1
1056,글로벌융합,불어불문학,18,18,4.1491,4.1186,300,1,1
1057,글로벌융합,불어불문학,18,18,4.0765,4.0535,300,1,1
1058,글로벌융합,불어불문학,18,18,4.0493,4.0291,300,1,1
1059,글로벌융합,불어불문학,18,18,3.9963,3.9611,300,1,1
1060,글로벌융합,불어불문학,18,18,3.9611,3.9611,300,1,1
1061,글로벌융합,불어불문학,18,18,3.9167,3.879,300,1,1
1062,글로벌융합,불어불문학,18,18,3.8705,3.8705,300,1,1
1063,글로벌융합,불어불문학,18,18,3.8276,3.8177,300,1,1
1064,글로벌융합,불어불문학,18,18,3.8126,3.7719,300,1,1
1065,글로벌융합,불어불문학,18,18,3.731,3.665,300,1,1
1066,글로벌융합,불어불문학,18,18,3.6552,3.6313,300,1,1
1067,글로벌융합,불어불문학,18,18,3.6161,3.6161,300,1,1
1068,글로벌융합,불어불문학,18,18,3.5934,3.5906,300,1,0
1069,글로벌융합,불어불문학,18,18,3.5795,3.5705,300,1,0
1070,글로벌융합,불어불문학,18,18,3.5142,3.5142,300,1,0
1071,글로벌융합,불어불문학,18,18,3.5106,3.4733,300,1,0
1072,글로벌융합,불어불문학,18,18,3.4614,3.4368,300,1,0
1073,글로벌융합,불어불문학,18,18,3.4052,3.3972,300,1,0
1074,글로벌융합,불어불문학,18,18,3.3927,3.3804,300,1,0
1075,글로벌융합,불어불문학,18,18,3.3466,3.3134,300,1,0
1076,글로벌융합,불어불문학,18,18,3.3105,3.3037,300,1,0
1077,글로벌융합,불어불문학,18,18,3.2716,3.2499,300,1,0
1078,글로벌융합,불어불문학,18,18,3.2451,3.2428,300,1,0
1079,글로벌융합,불어불문학,18,18,3.2223,3.0735,300,1,0
1080,글로벌융합,불어불문학,18,18,3.0721,3.0671,300,1,0
1081,글로벌융합,불어불문학,18,18,3.0501,3.026,300,1,0
1082,글로벌융합,불어불문학,18,18,3.026,3.0193,300,1,0
1083,글로벌융합,불어불문학,18,18,2.8383,2.6583,300,1,0
1084,글로벌융합,불어불문학,18,18,2.5697,2.5683,300,1,0
1085,글로벌융합,불어불문학,18,18,2.4391,2.2806,300,1,0
1086,글로벌융합,불어불문학,18,18,2.2594,2.191,300,1,0
1087,글로벌융합,불어불문학,18,18,1.9872,1.9428,300,1,0
1088,글로벌융합,불어불문학,18,18,1.8718,1.797,300,1,0
1089,글로벌융합,불어불문학,18,18,1.7765,1.6389,300,1,0
1090,글로벌융합,불어불문학,18,18,1.6321,1.5781,300,1,0
1091,글로벌융합,불어불문학,18,18,1.5426,1.4169,300,1,0
1092,글로벌융합,불어불문학,18,18,1.406,1.3427,300,1,0
1093,글로벌융합,불어불문학,18,18,1.297,1.2658,300,1,0
1094,글로벌융합,불어불문학,18,18,1.1913,1.168,300,1,0
1095,글로벌융합,불어불문학,18,18,1.0754,1.0448,300,1,0
1096,글로벌융합,독어독문학,18,18,4.447,4.4386,300,1,1
1097,글로벌융합,독어독문학,18,18,4.409,4.4008,300,1,1
1098,글로벌융합,독어독문학,18,18,4.3928,4.3673,300,1,1
1099,글로벌융합,독어독문학,18,18,4.3663,4.365,300,1,1
1100,글로벌융합,독어독문학,18,18,4.365,4.3505,300,1,1
1101,글로벌융합,독어독문학,18,18,4.3274,4.3274,300,1,1
1102,글로벌융합,독어독문학,18,18,4.3103,4.2831,300,1,1
1103,글로벌융합,독어독문학,18,18,4.2732,4.2502,300,1,1
1104,글로벌융합,독어독문학,18,18,4.2168,4.2168,300,1,1
1105,글로벌융합,독어독문학,18,18,4.2071,4.192,300,1,1
1106,글로벌융합,독어독문학,18,18,4.1858,4.183,300,1,1
1107,글로벌융합,독어독문학,18,18,4.1721,4.1605,300,1,1
1108,글로벌융합,독어독문학,18,18,4.1605,4.1089,300,1,1
1109,글로벌융합,독어독문학,18,18,4.1078,4.0675,300,1,1
1110,글로벌융합,독어독문학,18,18,4.0535,4.0427,300,1,1
1111,글로벌융합,독어독문학,18,18,4.0255,4.0169,300,1,1
1112,글로벌융합,독어독문학,18,18,3.9964,3.9911,300,1,1
1113,글로벌융합,독어독문학,18,18,3.9842,3.9841,300,1,1
1114,글로벌융합,독어독문학,18,18,3.9779,3.9735,300,1,0
1115,글로벌융합,독어독문학,18,18,3.951,3.939,300,1,0
1116,글로벌융합,독어독문학,18,18,3.9027,3.8956,300,1,0
1117,글로벌융합,독어독문학,18,18,3.8956,3.8621,300,1,0
1118,글로벌융합,독어독문학,18,18,3.8604,3.8126,300,1,0
1119,글로벌융합,독어독문학,18,18,3.8078,3.7957,300,1,0
1120,글로벌융합,독어독문학,18,18,3.7922,3.7827,300,1,0
1121,글로벌융합,독어독문학,18,18,3.7427,3.7234,300,1,0
1122,글로벌융합,독어독문학,18,18,3.6924,3.6911,300,1,0
1123,글로벌융합,독어독문학,18,18,3.6552,3.6004,300,1,0
1124,글로벌융합,독어독문학,18,18,3.5906,3.5186,300,1,0
1125,글로벌융합,독어독문학,18,18,3.4304,3.3831,300,1,0
1126,글로벌융합,독어독문학,18,18,3.3831,3.3831,300,1,0
1127,글로벌융합,독어독문학,18,18,3.3794,3.3598,300,1,0
1128,글로벌융합,독어독문학,18,18,3.3146,3.2942,300,1,0
1129,글로벌융합,독어독문학,18,18,3.2868,3.2247,300,1,0
1130,글로벌융합,독어독문학,18,18,3.2172,3.2129,300,1,0
1131,글로벌융합,독어독문학,18,18,3.1957,3.1656,300,1,0
1132,글로벌융합,독어독문학,18,18,3.1603,3.0884,300,1,0
1133,글로벌융합,독어독문학,18,18,3.0246,2.8195,300,1,0
1134,글로벌융합,독어독문학,18,18,2.7413,2.6796,300,1,0
1135,글로벌융합,독어독문학,18,18,2.6074,2.5061,300,1,0
1136,글로벌융합,독어독문학,18,18,2.2806,2.2542,300,1,0
1137,글로벌융합,독어독문학,18,18,2.191,2.1602,300,1,0
1138,글로벌융합,독어독문학,18,18,2.1263,2.0433,300,1,0
1139,글로벌융합,독어독문학,18,18,1.9997,1.9928,300,1,0
1140,글로벌융합,독어독문학,18,18,1.9428,1.8982,300,1,0
1141,글로벌융합,독어독문학,18,18,1.8555,1.7574,300,1,0
1142,글로벌융합,독어독문학,18,18,1.6864,1.6111,300,1,0
1143,글로벌융합,독어독문학,18,18,1.599,1.4616,300,1,0
1144,글로벌융합,독어독문학,18,18,1.4616,1.4593,300,1,0
1145,글로벌융합,독어독문학,18,18,1.057,1.0065,300,1,0
1146,글로벌융합,스페인어,18,18,4.4461,4.4335,300,1,1
1147,글로벌융합,스페인어,18,18,4.4078,4.4023,300,1,1
1148,글로벌융합,스페인어,18,18,4.346,4.346,300,1,1
1149,글로벌융합,스페인어,18,18,4.2994,4.29,300,1,1
1150,글로벌융합,스페인어,18,18,4.2782,4.2732,300,1,1
1151,글로벌융합,스페인어,18,18,4.2052,4.2042,300,1,1
1152,글로벌융합,스페인어,18,18,4.1998,4.1394,300,1,1
1153,글로벌융합,스페인어,18,18,4.1227,4.1141,300,1,1
1154,글로벌융합,스페인어,18,18,4.0427,4.0315,300,1,1
1155,글로벌융합,스페인어,18,18,4.0296,4.0296,300,1,1
1156,글로벌융합,스페인어,18,18,4.0168,3.9963,300,1,1
1157,글로벌융합,스페인어,18,18,3.9801,3.9779,300,1,1
1158,글로벌융합,스페인어,18,18,3.9735,3.9611,300,1,1
1159,글로벌융합,스페인어,18,18,3.9167,3.9151,300,1,1
1160,글로벌융합,스페인어,18,18,3.8921,3.8489,300,1,1
1161,글로벌융합,스페인어,18,18,3.7778,3.7389,300,1,1
1162,글로벌융합,스페인어,18,18,3.6646,3.6216,300,1,1
1163,글로벌융합,스페인어,18,18,3.5653,3.5258,300,1,0
1164,글로벌융합,스페인어,18,18,3.4969,3.4779,300,1,0
1165,글로벌융합,스페인어,18,18,3.4368,3.4155,300,1,0
1166,글로벌융합,스페인어,18,18,3.4047,3.3821,300,1,0
1167,글로벌융합,스페인어,18,18,3.3804,3.3214,300,1,0
1168,글로벌융합,스페인어,18,18,3.3021,3.2967,300,1,0
1169,글로벌융합,스페인어,18,18,3.2871,3.2868,300,1,0
1170,글로벌융합,스페인어,18,18,3.2825,3.2716,300,1,0
1171,글로벌융합,스페인어,18,18,3.2475,3.2428,300,1,0
1172,글로벌융합,스페인어,18,18,3.13,3.1188,300,1,0
1173,글로벌융합,스페인어,18,18,3.0838,3.0838,300,1,0
1174,글로벌융합,스페인어,18,18,3.074,3.0721,300,1,0
1175,글로벌융합,스페인어,18,18,3.0647,3.0246,300,1,0
1176,글로벌융합,스페인어,18,18,3.0052,2.6335,300,1,0
1177,글로벌융합,스페인어,18,18,2.5131,2.4391,300,1,0
1178,글로벌융합,스페인어,18,18,2.3004,2.2424,300,1,0
1179,글로벌융합,스페인어,18,18,2.2424,2.2394,300,1,0
1180,글로벌융합,스페인어,18,18,2.1626,2.0632,300,1,0
1181,글로벌융합,스페인어,18,18,1.9928,1.8555,300,1,0
1182,글로벌융합,스페인어,18,18,1.504,1.4538,300,1,0
1183,글로벌융합,스페인어,18,18,1.437,1.4169,300,1,0
1184,글로벌융합,스페인어,18,18,1.3303,1.2738,300,1,0
1185,글로벌융합,스페인어,18,18,1.2658,1.2286,300,1,0
1186,글로벌융합,스페인어,18,18,1.1913,1.169,300,1,0
1187,글로벌융합,스페인어,18,18,1.168,1.0154,300,1,0
1188,글로벌융합,사학,18,18,4.4966,4.4934,300,1,1
1189,글로벌융합,사학,18,18,4.4805,4.4723,300,1,1
1190,글로벌융합,사학,18,18,4.457,4.4386,300,1,1
1191,글로벌융합,사학,18,18,4.4215,4.4078,300,1,1
1192,글로벌융합,사학,18,18,4.4008,4.4004,300,1,1
1193,글로벌융합,사학,18,18,4.3663,4.3599,300,1,1
1194,글로벌융합,사학,18,18,4.3599,4.3432,300,1,1
1195,글로벌융합,사학,18,18,4.3379,4.2502,300,1,1
1196,글로벌융합,사학,18,18,4.2438,4.2231,300,1,1
1197,글로벌융합,사학,18,18,4.2195,4.2087,300,1,1
1198,글로벌융합,사학,18,18,4.2071,4.1819,300,1,1
1199,글로벌융합,사학,18,18,4.1811,4.1721,300,1,1
1200,글로벌융합,사학,18,18,4.172,4.1682,300,1,1
1201,글로벌융합,사학,18,18,4.1616,4.153,300,1,1
1202,글로벌융합,사학,18,18,4.1078,4.0676,300,1,1
1203,글로벌융합,사학,18,18,4.0592,4.0592,300,1,1
1204,글로벌융합,사학,18,18,4.0291,4.0291,300,1,1
1205,글로벌융합,사학,18,18,4.0289,4.0275,300,1,1
1206,글로벌융합,사학,18,18,4.0075,3.9151,300,1,0
1207,글로벌융합,사학,18,18,3.9139,3.8654,300,1,0
1208,글로벌융합,사학,18,18,3.863,3.8171,300,1,0
1209,글로벌융합,사학,18,18,3.7789,3.766,300,1,0
1210,글로벌융합,사학,18,18,3.7424,3.7234,300,1,0
1211,글로벌융합,사학,18,18,3.6215,3.6156,300,1,0
1212,글로벌융합,사학,18,18,3.5186,3.5128,300,1,0
1213,글로벌융합,사학,18,18,3.462,3.4034,300,1,0
1214,글로벌융합,사학,18,18,3.3934,3.3901,300,1,0
1215,글로벌융합,사학,18,18,3.3821,3.3821,300,1,0
1216,글로벌융합,사학,18,18,3.3637,3.3466,300,1,0
1217,글로벌융합,사학,18,18,3.316,3.316,300,1,0
1218,글로벌융합,사학,18,18,3.3089,3.3089,300,1,0
1219,글로벌융합,사학,18,18,3.2892,3.2825,300,1,0
1220,글로벌융합,사학,18,18,3.2825,3.2451,300,1,0
1221,글로벌융합,사학,18,18,3.1957,3.1486,300,1,0
1222,글로벌융합,사학,18,18,3.139,3.1094,300,1,0
1223,글로벌융합,사학,18,18,3.0789,3.0647,300,1,0
1224,글로벌융합,사학,18,18,3.0647,3.0317,300,1,0
1225,글로벌융합,사학,18,18,3.0167,2.8195,300,1,0
1226,글로벌융합,사학,18,18,2.7667,2.7667,300,1,0
1227,글로벌융합,사학,18,18,2.6834,2.6834,300,1,0
1228,글로벌융합,사학,18,18,2.6074,2.4857,300,1,0
1229,글로벌융합,사학,18,18,2.4176,2.3993,300,1,0
1230,글로벌융합,사학,18,18,2.1967,2.191,300,1,0
1231,글로벌융합,사학,18,18,2.0651,1.9889,300,1,0
1232,글로벌융합,사학,18,18,1.8718,1.7792,300,1,0
1233,글로벌융합,사학,18,18,1.7765,1.7574,300,1,0
1234,글로벌융합,사학,18,18,1.7536,1.7536,300,1,0
1235,글로벌융합,사학,18,18,1.6864,1.6389,300,1,0
1236,글로벌융합,사학,18,18,1.6301,1.5426,300,1,0
1237,글로벌융합,사학,18,18,1.5297,1.473,300,1,0
1238,글로벌융합,사학,18,18,1.4633,1.4538,300,1,0
1239,글로벌융합,사학,18,18,1.3931,1.297,300,1,0
1240,글로벌융합,사학,18,18,1.2068,1.2051,300,1,0
1241,글로벌융합,사학,18,18,1.0847,1.0448,300,1,0
1242,글로벌융합,사학,18,18,1.0154,1.0065,300,1,0
1243,글로벌융합,철학,18,18,4.4975,4.4992,300,1,1
1244,글로벌융합,철학,18,18,4.4667,4.4805,300,1,1
1245,글로벌융합,철학,18,18,4.4096,4.4355,300,1,1
1246,글로벌융합,철학,18,18,4.3812,4.3998,300,1,1
1247,글로벌융합,철학,18,18,4.3259,4.3061,300,1,1
1248,글로벌융합,철학,18,18,4.2831,4.2798,300,1,1
1249,글로벌융합,철학,18,18,4.2789,4.235,300,1,1
1250,글로벌융합,철학,18,18,4.2166,4.2093,300,1,1
1251,글로벌융합,철학,18,18,4.192,4.1835,300,1,1
1252,글로벌융합,철학,18,18,4.1779,4.1766,300,1,1
1253,글로벌융합,철학,18,18,4.1682,4.1627,300,1,1
1254,글로벌융합,철학,18,18,4.1555,4.1283,300,1,1
1255,글로벌융합,철학,18,18,4.1227,4.1186,300,1,1
1256,글로벌융합,철학,18,18,4.1143,4.0972,300,1,1
1257,글로벌융합,철학,18,18,4.0926,4.0592,300,1,1
1258,글로벌융합,철학,18,18,4.0275,3.9708,300,1,1
1259,글로벌융합,철학,18,18,3.9573,3.9545,300,1,1
1260,글로벌융합,철학,18,18,3.951,3.9174,300,1,1
1261,글로벌융합,철학,18,18,3.9174,3.879,300,1,0
1262,글로벌융합,철학,18,18,3.7957,3.7827,300,1,0
1263,글로벌융합,철학,18,18,3.7778,3.7769,300,1,0
1264,글로벌융합,철학,18,18,3.7745,3.7719,300,1,0
1265,글로벌융합,철학,18,18,3.6906,3.6717,300,1,0
1266,글로벌융합,철학,18,18,3.6216,3.6112,300,1,0
1267,글로벌융합,철학,18,18,3.6092,3.5934,300,1,0
1268,글로벌융합,철학,18,18,3.5906,3.5352,300,1,0
1269,글로벌융합,철학,18,18,3.5128,3.5106,300,1,0
1270,글로벌융합,철학,18,18,3.4685,3.4368,300,1,0
1271,글로벌융합,철학,18,18,3.4338,3.4307,300,1,0
1272,글로벌융합,철학,18,18,3.4052,3.3901,300,1,0
1273,글로벌융합,철학,18,18,3.3804,3.3598,300,1,0
1274,글로벌융합,철학,18,18,3.3533,3.3466,300,1,0
1275,글로벌융합,철학,18,18,3.3146,3.2933,300,1,0
1276,글로벌융합,철학,18,18,3.2866,3.2777,300,1,0
1277,글로벌융합,철학,18,18,3.257,3.1557,300,1,0
1278,글로벌융합,철학,18,18,3.1486,3.1315,300,1,0
1279,글로벌융합,철학,18,18,3.1179,3.1094,300,1,0
1280,글로벌융합,철학,18,18,3.074,3.0735,300,1,0
1281,글로벌융합,철학,18,18,3.0671,3.0068,300,1,0
1282,글로벌융합,철학,18,18,2.8383,2.8073,300,1,0
1283,글로벌융합,철학,18,18,2.7657,2.7358,300,1,0
1284,글로벌융합,철학,18,18,2.577,2.4857,300,1,0
1285,글로벌융합,철학,18,18,2.4566,2.3993,300,1,0
1286,글로벌융합,철학,18,18,2.3004,2.2806,300,1,0
1287,글로벌융합,철학,18,18,2.273,2.273,300,1,0
1288,글로벌융합,철학,18,18,2.2542,2.1934,300,1,0
1289,글로벌융합,철학,18,18,2.1316,2.0632,300,1,0
1290,글로벌융합,철학,18,18,2.0594,1.9997,300,1,0
1291,글로벌융합,철학,18,18,1.9872,1.6864,300,1,0
1292,글로벌융합,철학,18,18,1.6819,1.6321,300,1,0
1293,글로벌융합,철학,18,18,1.6301,1.5971,300,1,0
1294,글로벌융합,철학,18,18,1.4414,1.4273,300,1,0
1295,글로벌융합,철학,18,18,1.3799,1.2658,300,1,0
1296,글로벌융합,철학,18,18,1.2572,1.1295,300,1,0
1297,글로벌융합,철학,18,18,1.1295,1.0607,300,1,0
1298,글로벌융합,미술사학,18,18,4.4004,4.398,300,1,1
1299,글로벌융합,미술사학,18,18,4.3913,4.3812,300,1,1
1300,글로벌융합,미술사학,18,18,4.3519,4.346,300,1,1
1301,글로벌융합,미술사학,18,18,4.3432,4.3418,300,1,1
1302,글로벌융합,미술사학,18,18,4.3193,4.3175,300,1,1
1303,글로벌융합,미술사학,18,18,4.2999,4.2655,300,1,1
1304,글로벌융합,미술사학,18,18,4.2421,4.2052,300,1,1
1305,글로벌융합,미술사학,18,18,4.2042,4.1998,300,1,1
1306,글로벌융합,미술사학,18,18,4.1858,4.1835,300,1,1
1307,글로벌융합,미술사학,18,18,4.1764,4.1616,300,1,1
1308,글로벌융합,미술사학,18,18,4.1241,4.1186,300,1,1
1309,글로벌융합,미술사학,18,18,4.0972,4.0291,300,1,1
1310,글로벌융합,미술사학,18,18,4.0275,4.0105,300,1,1
1311,글로벌융합,미술사학,18,18,3.9841,3.956,300,1,1
1312,글로벌융합,미술사학,18,18,3.9478,3.9336,300,1,1
1313,글로벌융합,미술사학,18,18,3.9143,3.9027,300,1,1
1314,글로벌융합,미술사학,18,18,3.8921,3.8604,300,1,1
1315,글로벌융합,미술사학,18,18,3.8526,3.8319,300,1,1
1316,글로벌융합,미술사학,18,18,3.7827,3.7827,300,1,1
1317,글로벌융합,미술사학,18,18,3.7803,3.7427,300,1,1
1318,글로벌융합,미술사학,18,18,3.738,3.7338,300,1,1
1319,글로벌융합,미술사학,18,18,3.7236,3.7173,300,1,1
1320,글로벌융합,미술사학,18,18,3.7057,3.6911,300,1,1
1321,글로벌융합,미술사학,18,18,3.6906,3.6817,300,1,1
1322,글로벌융합,미술사학,18,18,3.6784,3.5825,300,1,1
1323,글로벌융합,미술사학,18,18,3.5795,3.54,300,1,0
1324,글로벌융합,미술사학,18,18,3.54,3.538,300,1,0
1325,글로벌융합,미술사학,18,18,3.5258,3.5106,300,1,0
1326,글로벌융합,미술사학,18,18,3.4733,3.4685,300,1,0
1327,글로벌융합,미술사학,18,18,3.4409,3.4402,300,1,0
1328,글로벌융합,미술사학,18,18,3.4307,3.3972,300,1,0
1329,글로벌융합,미술사학,18,18,3.2981,3.2979,300,1,0
1330,글로벌융합,미술사학,18,18,3.1301,3.1239,300,1,0
1331,글로벌융합,미술사학,18,18,3.1188,3.0898,300,1,0
1332,글로벌융합,미술사학,18,18,3.0789,3.0544,300,1,0
1333,글로벌융합,미술사학,18,18,3.026,2.8383,300,1,0
1334,글로벌융합,미술사학,18,18,2.7657,2.5061,300,1,0
1335,글로벌융합,미술사학,18,18,2.4313,2.2594,300,1,0
1336,글로벌융합,미술사학,18,18,2.1934,2.1618,300,1,0
1337,글로벌융합,미술사학,18,18,2.1537,2.0787,300,1,0
1338,글로벌융합,미술사학,18,18,2.0433,1.9889,300,1,0
1339,글로벌융합,미술사학,18,18,1.9428,1.8461,300,1,0
1340,글로벌융합,미술사학,18,18,1.7765,1.4593,300,1,0
1341,글로벌융합,미술사학,18,18,1.4152,1.3931,300,1,0
1342,글로벌융합,미술사학,18,18,1.351,1.3303,300,1,0
1343,글로벌융합,미술사학,18,18,1.2957,1.2738,300,1,0
1344,글로벌융합,미술사학,18,18,1.169,1.0741,300,1,0
1345,글로벌융합,미술사학,18,18,1.057,1.0456,300,1,0
1346,글로벌융합,미술사학,18,18,1.0039,1.0004,300,1,0
1347,글로벌융합,문화인류학,18,18,4.4992,4.4966,300,1,1
1348,글로벌융합,문화인류학,18,18,4.4934,4.4805,300,1,1
1349,글로벌융합,문화인류학,18,18,4.3998,4.3812,300,1,1
1350,글로벌융합,문화인류학,18,18,4.3728,4.3445,300,1,1
1351,글로벌융합,문화인류학,18,18,4.3092,4.2994,300,1,1
1352,글로벌융합,문화인류학,18,18,4.2521,4.2166,300,1,1
1353,글로벌융합,문화인류학,18,18,4.2077,4.183,300,1,1
1354,글로벌융합,문화인류학,18,18,4.1766,4.1708,300,1,1
1355,글로벌융합,문화인류학,18,18,4.1708,4.1708,300,1,1
1356,글로벌융합,문화인류학,18,18,4.1616,4.1585,300,1,1
1357,글로벌융합,문화인류학,18,18,4.1394,4.1213,300,1,1
1358,글로벌융합,문화인류학,18,18,4.1141,4.1043,300,1,1
1359,글로벌융합,문화인류학,18,18,4.1043,4.0751,300,1,1
1360,글로벌융합,문화인류학,18,18,4.0697,4.0493,300,1,1
1361,글로벌융합,문화인류학,18,18,4.0296,3.9575,300,1,1
1362,글로벌융합,문화인류학,18,18,3.9336,3.9336,300,1,1
1363,글로벌융합,문화인류학,18,18,3.9061,3.9027,300,1,1
1364,글로벌융합,문화인류학,18,18,3.7983,3.7922,300,1,1
1365,글로벌융합,문화인류학,18,18,3.756,3.7424,300,1,1
1366,글로벌융합,문화인류학,18,18,3.7389,3.7347,300,1,0
1367,글로벌융합,문화인류학,18,18,3.7236,3.7234,300,1,0
1368,글로벌융합,문화인류학,18,18,3.6906,3.6646,300,1,0
1369,글로벌융합,문화인류학,18,18,3.6216,3.6004,300,1,0
1370,글로벌융합,문화인류학,18,18,3.5142,3.5043,300,1,0
1371,글로벌융합,문화인류학,18,18,3.4879,3.4493,300,1,0
1372,글로벌융합,문화인류학,18,18,3.4492,3.3561,300,1,0
1373,글로벌융합,문화인류학,18,18,3.3214,3.3089,300,1,0
1374,글로벌융합,문화인류학,18,18,3.3037,3.2892,300,1,0
1375,글로벌융합,문화인류학,18,18,3.2499,3.2424,300,1,0
1376,글로벌융합,문화인류학,18,18,3.2247,3.2129,300,1,0
1377,글로벌융합,문화인류학,18,18,3.1603,3.1315,300,1,0
1378,글로벌융합,문화인류학,18,18,3.13,3.0884,300,1,0
1379,글로벌융합,문화인류학,18,18,3.0884,3.0193,300,1,0
1380,글로벌융합,문화인류학,18,18,2.9158,2.8073,300,1,0
1381,글로벌융합,문화인류학,18,18,2.7109,2.6834,300,1,0
1382,글로벌융합,문화인류학,18,18,2.6605,2.5061,300,1,0
1383,글로벌융합,문화인류학,18,18,2.273,2.2565,300,1,0
1384,글로벌융합,문화인류학,18,18,2.2517,2.2442,300,1,0
1385,글로벌융합,문화인류학,18,18,2.2394,2.1602,300,1,0
1386,글로벌융합,문화인류학,18,18,2.1316,2.0787,300,1,0
1387,글로벌융합,문화인류학,18,18,1.9872,1.9586,300,1,0
1388,글로벌융합,문화인류학,18,18,1.9257,1.8555,300,1,0
1389,글로벌융합,문화인류학,18,18,1.6795,1.6111,300,1,0
1390,글로벌융합,문화인류학,18,18,1.5971,1.5426,300,1,0
1391,글로벌융합,문화인류학,18,18,1.4538,1.4169,300,1,0
1392,글로벌융합,문화인류학,18,18,1.4152,1.3799,300,1,0
1393,글로벌융합,문화인류학,18,18,1.351,1.3293,300,1,0
1394,글로벌융합,문화인류학,18,18,1.2068,1.2032,300,1,0
1395,글로벌융합,문화인류학,18,18,1.2032,1.1256,300,1,0
1396,글로벌융합,경영학,18,18,4.4999,4.493,300,1,1
1397,글로벌융합,경영학,18,18,4.493,4.4723,300,1,1
1398,글로벌융합,경영학,18,18,4.4461,4.4335,300,1,1
1399,글로벌융합,경영학,18,18,4.4096,4.3661,300,1,1
1400,글로벌융합,경영학,18,18,4.3494,4.3416,300,1,1
1401,글로벌융합,경영학,18,18,4.3288,4.2999,300,1,1
1402,글로벌융합,경영학,18,18,4.2789,4.2286,300,1,1
1403,글로벌융합,경영학,18,18,4.2052,4.1819,300,1,1
1404,글로벌융합,경영학,18,18,4.1616,4.1078,300,1,1
1405,글로벌융합,경영학,18,18,4.1043,4.1043,300,1,1
1406,글로벌융합,경영학,18,18,4.0943,4.0926,300,1,1
1407,글로벌융합,경영학,18,18,4.0731,4.0689,300,1,1
1408,글로벌융합,경영학,18,18,4.0675,4.0407,300,1,1
1409,글로벌융합,경영학,18,18,4.0245,4.0169,300,1,1
1410,글로벌융합,경영학,18,18,3.9964,3.9911,300,1,1
1411,글로벌융합,경영학,18,18,3.9911,3.9801,300,1,1
1412,글로벌융합,경영학,18,18,3.9545,3.9478,300,1,1
1413,글로벌융합,경영학,18,18,3.939,3.9152,300,1,1
1414,글로벌융합,경영학,18,18,3.8921,3.8668,300,1,1
1415,글로벌융합,경영학,18,18,3.819,3.8126,300,1,1
1416,글로벌융합,경영학,18,18,3.7789,3.7778,300,1,1
1417,글로벌융합,경영학,18,18,3.756,3.7338,300,1,1
1418,글로벌융합,경영학,18,18,3.6976,3.665,300,1,1
1419,글로벌융합,경영학,18,18,3.6491,3.6371,300,1,1
1420,글로벌융합,경영학,18,18,3.6371,3.6092,300,1,1
1421,글로벌융합,경영학,18,18,3.6092,3.5934,300,1,1
1422,글로벌융합,경영학,18,18,3.4975,3.4975,300,1,1
1423,글로벌융합,경영학,18,18,3.4733,3.4493,300,1,1
1424,글로벌융합,경영학,18,18,3.4426,3.4368,300,1,1
1425,글로벌융합,경영학,18,18,3.3927,3.3637,300,1,1
1426,글로벌융합,경영학,18,18,3.3604,3.3021,300,1,1
1427,글로벌융합,경영학,18,18,3.2979,3.2942,300,1,1
1428,글로벌융합,경영학,18,18,3.2777,3.2716,300,1,1
1429,글로벌융합,경영학,18,18,3.2475,3.2428,300,1,1
1430,글로벌융합,경영학,18,18,3.1975,3.1957,300,1,1
1431,글로벌융합,경영학,18,18,3.1656,3.1432,300,1,1
1432,글로벌융합,경영학,18,18,3.1432,3.1396,300,1,1
1433,글로벌융합,경영학,18,18,3.1188,3.1155,300,1,1
1434,글로벌융합,경영학,18,18,3.0977,3.0977,300,1,1
1435,글로벌융합,경영학,18,18,3.0884,3.0838,300,1,1
1436,글로벌융합,경영학,18,18,3.0784,3.074,300,1,0
1437,글로벌융합,경영학,18,18,2.7109,2.6335,300,1,0
1438,글로벌융합,경영학,18,18,2.5697,2.5131,300,1,0
1439,글로벌융합,경영학,18,18,2.4566,2.4391,300,1,0
1440,글로벌융합,경영학,18,18,2.4176,2.3993,300,1,0
1441,글로벌융합,경영학,18,18,2.3672,2.2542,300,1,0
1442,글로벌융합,경영학,18,18,2.2517,2.2394,300,1,0
1443,글로벌융합,경영학,18,18,2.1967,2.1822,300,1,0
1444,글로벌융합,경영학,18,18,2.1602,2.1316,300,1,0
1445,글로벌융합,경영학,18,18,2.0594,2.0371,300,1,0
1446,글로벌융합,경영학,18,18,2.0272,1.926,300,1,0
1447,글로벌융합,경영학,18,18,1.8751,1.8614,300,1,0
1448,글로벌융합,경영학,18,18,1.797,1.7692,300,1,0
1449,글로벌융합,경영학,18,18,1.6795,1.6111,300,1,0
1450,글로벌융합,경영학,18,18,1.504,1.4842,300,1,0
1451,글로벌융합,경영학,18,18,1.4616,1.2658,300,1,0
1452,글로벌융합,경영학,18,18,1.2286,1.1295,300,1,0
1453,글로벌융합,경영학,18,18,1.0448,1.0065,300,1,0
1454,글로벌융합,회계학,18,18,4.4999,4.4975,300,1,1
1455,글로벌융합,회계학,18,18,4.4723,4.4461,300,1,1
1456,글로벌융합,회계학,18,18,4.4292,4.4078,300,1,1
1457,글로벌융합,회계학,18,18,4.3956,4.3661,300,1,1
1458,글로벌융합,회계학,18,18,4.3494,4.346,300,1,1
1459,글로벌융합,회계학,18,18,4.3263,4.3103,300,1,1
1460,글로벌융합,회계학,18,18,4.2613,4.2582,300,1,1
1461,글로벌융합,회계학,18,18,4.235,4.2087,300,1,1
1462,글로벌융합,회계학,18,18,4.2077,4.2042,300,1,1
1463,글로벌융합,회계학,18,18,4.1835,4.1766,300,1,1
1464,글로벌융합,회계학,18,18,4.153,4.1472,300,1,1
1465,글로벌융합,회계학,18,18,4.1143,4.0972,300,1,1
1466,글로벌융합,회계학,18,18,4.0765,4.0529,300,1,1
1467,글로벌융합,회계학,18,18,4.0291,4.0258,300,1,1
1468,글로벌융합,회계학,18,18,3.9842,3.9779,300,1,1
1469,글로벌융합,회계학,18,18,3.9708,3.9615,300,1,1
1470,글로벌융합,회계학,18,18,3.9575,3.9545,300,1,1
1471,글로벌융합,회계학,18,18,3.9498,3.9498,300,1,1
1472,글로벌융합,회계학,18,18,3.9336,3.9292,300,1,1
1473,글로벌융합,회계학,18,18,3.9139,3.9125,300,1,1
1474,글로벌융합,회계학,18,18,3.8668,3.8621,300,1,1
1475,글로벌융합,회계학,18,18,3.8604,3.8576,300,1,1
1476,글로벌융합,회계학,18,18,3.8526,3.819,300,1,1
1477,글로벌융합,회계학,18,18,3.8126,3.7983,300,1,1
1478,글로벌융합,회계학,18,18,3.7922,3.7338,300,1,1
1479,글로벌융합,회계학,18,18,3.7037,3.7014,300,1,1
1480,글로벌융합,회계학,18,18,3.6491,3.6371,300,1,1
1481,글로벌융합,회계학,18,18,3.5934,3.5916,300,1,1
1482,글로벌융합,회계학,18,18,3.5856,3.5516,300,1,1
1483,글로벌융합,회계학,18,18,3.5381,3.4958,300,1,1
1484,글로벌융합,회계학,18,18,3.3972,3.3598,300,1,1
1485,글로벌융합,회계학,18,18,3.3016,3.2223,300,1,1
1486,글로벌융합,회계학,18,18,3.1975,3.1237,300,1,1
1487,글로벌융합,회계학,18,18,3.0721,3.0721,300,1,1
1488,글로벌융합,회계학,18,18,3.0647,3.0347,300,1,1
1489,글로벌융합,회계학,18,18,2.7967,2.7667,300,1,1
1490,글로벌융합,회계학,18,18,2.7657,2.6335,300,1,1
1491,글로벌융합,회계학,18,18,2.577,2.273,300,1,1
1492,글로벌융합,회계학,18,18,2.2121,2.0651,300,1,1
1493,글로벌융합,회계학,18,18,2.0632,1.8982,300,1,0
1494,글로벌융합,회계학,18,18,1.8751,1.8614,300,1,0
1495,글로벌융합,회계학,18,18,1.504,1.437,300,1,0
1496,글로벌융합,회계학,18,18,1.4169,1.4152,300,1,0
1497,글로벌융합,회계학,18,18,1.406,1.2068,300,1,0
1498,글로벌융합,회계학,18,18,1.2051,1.169,300,1,0
1499,글로벌융합,회계학,18,18,1.0754,1.0154,300,1,0
1500,글로벌융합,국제통상학,18,18,4.4999,4.4724,300,1,1
1501,글로벌융합,국제통상학,18,18,4.4008,4.4004,300,1,1
1502,글로벌융합,국제통상학,18,18,4.3998,4.3913,300,1,1
1503,글로벌융합,국제통상학,18,18,4.3505,4.346,300,1,1
1504,글로벌융합,국제통상학,18,18,4.3432,4.3379,300,1,1
1505,글로벌융합,국제통상학,18,18,4.3259,4.3201,300,1,1
1506,글로벌융합,국제통상학,18,18,4.3092,4.3046,300,1,1
1507,글로벌융합,국제통상학,18,18,4.2831,4.2831,300,1,1
1508,글로벌융합,국제통상학,18,18,4.2798,4.2655,300,1,1
1509,글로벌융합,국제통상학,18,18,4.183,4.1811,300,1,1
1510,글로벌융합,국제통상학,18,18,4.172,4.1566,300,1,1
1511,글로벌융합,국제통상학,18,18,4.1241,4.1227,300,1,1
1512,글로벌융합,국제통상학,18,18,4.1213,4.1213,300,1,1
1513,글로벌융합,국제통상학,18,18,4.0697,4.0676,300,1,1
1514,글로벌융합,국제통상학,18,18,4.0291,4.0194,300,1,1
1515,글로벌융합,국제통상학,18,18,3.9964,3.9494,300,1,1
1516,글로벌융합,국제통상학,18,18,3.8883,3.879,300,1,1
1517,글로벌융합,국제통상학,18,18,3.863,3.8604,300,1,1
1518,글로벌융합,국제통상학,18,18,3.8295,3.8276,300,1,1
1519,글로벌융합,국제통상학,18,18,3.7789,3.7424,300,1,1
1520,글로벌융합,국제통상학,18,18,3.7366,3.7057,300,1,1
1521,글로벌융합,국제통상학,18,18,3.6817,3.681,300,1,1
1522,글로벌융합,국제통상학,18,18,3.6313,3.6216,300,1,1
1523,글로벌융합,국제통상학,18,18,3.6215,3.6112,300,1,1
1524,글로벌융합,국제통상학,18,18,3.5825,3.5705,300,1,1
1525,글로벌융합,국제통상학,18,18,3.5516,3.5381,300,1,1
1526,글로벌융합,국제통상학,18,18,3.5106,3.4994,300,1,1
1527,글로벌융합,국제통상학,18,18,3.4733,3.4685,300,1,1
1528,글로벌융합,국제통상학,18,18,3.4426,3.4426,300,1,1
1529,글로벌융합,국제통상학,18,18,3.4047,3.4047,300,1,1
1530,글로벌융합,국제통상학,18,18,3.3804,3.3561,300,1,1
1531,글로벌융합,국제통상학,18,18,3.3239,3.3214,300,1,1
1532,글로벌융합,국제통상학,18,18,3.3134,3.3021,300,1,1
1533,글로벌융합,국제통상학,18,18,3.2866,3.2424,300,1,1
1534,글로벌융합,국제통상학,18,18,3.228,3.2129,300,1,1
1535,글로벌융합,국제통상학,18,18,3.2069,3.1656,300,1,1
1536,글로벌융합,국제통상학,18,18,3.1557,3.139,300,1,1
1537,글로벌융합,국제통상학,18,18,3.1315,3.1299,300,1,1
1538,글로벌융합,국제통상학,18,18,3.1237,3.1187,300,1,1
1539,글로벌융합,국제통상학,18,18,3.0898,3.0838,300,1,1
1540,글로벌융합,국제통상학,18,18,3.0544,3.0317,300,1,1
1541,글로벌융합,국제통상학,18,18,3.0193,2.4015,300,1,0
1542,글로벌융합,국제통상학,18,18,2.2542,2.1784,300,1,0
1543,글로벌융합,국제통상학,18,18,2.1626,1.9872,300,1,0
1544,글로벌융합,국제통상학,18,18,1.9586,1.9586,300,1,0
1545,글로벌융합,국제통상학,18,18,1.9476,1.9257,300,1,0
1546,글로벌융합,국제통상학,18,18,1.8555,1.797,300,1,0
1547,글로벌융합,국제통상학,18,18,1.7692,1.6795,300,1,0
1548,글로벌융합,국제통상학,18,18,1.5832,1.5794,300,1,0
1549,글로벌융합,국제통상학,18,18,1.2698,1.2068,300,1,0
1550,글로벌융합,국제통상학,18,18,1.2051,1.0754,300,1,0
1551,글로벌융합,법학,18,18,4.4992,4.493,300,1,1
1552,글로벌융합,법학,18,18,4.493,4.4667,300,1,1
1553,글로벌융합,법학,18,18,4.447,4.4134,300,1,1
1554,글로벌융합,법학,18,18,4.4023,4.3774,300,1,1
1555,글로벌융합,법학,18,18,4.3728,4.3418,300,1,1
1556,글로벌융합,법학,18,18,4.3201,4.3061,300,1,1
1557,글로벌융합,법학,18,18,4.2789,4.2594,300,1,1
1558,글로벌융합,법학,18,18,4.2502,4.2502,300,1,1
1559,글로벌융합,법학,18,18,4.2269,4.2195,300,1,1
1560,글로벌융합,법학,18,18,4.2093,4.1998,300,1,1
1561,글로벌융합,법학,18,18,4.1835,4.1724,300,1,1
1562,글로벌융합,법학,18,18,4.1627,4.1283,300,1,1
1563,글로벌융합,법학,18,18,4.0943,4.0926,300,1,1
1564,글로벌융합,법학,18,18,4.0731,4.0323,300,1,1
1565,글로벌융합,법학,18,18,4.0169,4.0075,300,1,1
1566,글로벌융합,법학,18,18,3.9615,3.951,300,1,1
1567,글로벌융합,법학,18,18,3.9494,3.9174,300,1,1
1568,글로벌융합,법학,18,18,3.9152,3.8705,300,1,1
1569,글로벌융합,법학,18,18,3.8171,3.7957,300,1,1
1570,글로벌융합,법학,18,18,3.7803,3.7769,300,1,1
1571,글로벌융합,법학,18,18,3.7769,3.766,300,1,1
1572,글로벌융합,법학,18,18,3.7366,3.7037,300,1,1
1573,글로벌융합,법학,18,18,3.6976,3.6976,300,1,1
1574,글로벌융합,법학,18,18,3.6911,3.681,300,1,1
1575,글로벌융합,법학,18,18,3.6784,3.6784,300,1,1
1576,글로벌융합,법학,18,18,3.6717,3.665,300,1,1
1577,글로벌융합,법학,18,18,3.6313,3.5705,300,1,0
1578,글로벌융합,법학,18,18,3.5519,3.5381,300,1,0
1579,글로벌융합,법학,18,18,3.4994,3.4779,300,1,0
1580,글로벌융합,법학,18,18,3.4492,3.4411,300,1,0
1581,글로벌융합,법학,18,18,3.3934,3.3637,300,1,0
1582,글로벌융합,법학,18,18,3.3561,3.3105,300,1,0
1583,글로벌융합,법학,18,18,3.2942,3.228,300,1,0
1584,글로벌융합,법학,18,18,3.2247,3.2129,300,1,0
1585,글로벌융합,법학,18,18,3.2069,3.1603,300,1,0
1586,글로벌융합,법학,18,18,3.1432,3.1179,300,1,0
1587,글로벌융합,법학,18,18,3.0784,3.0671,300,1,0
1588,글로벌융합,법학,18,18,3.0068,3.0068,300,1,0
1589,글로벌융합,법학,18,18,2.8195,2.8073,300,1,0
1590,글로벌융합,법학,18,18,2.7967,2.7413,300,1,0
1591,글로벌융합,법학,18,18,2.7413,2.6074,300,1,0
1592,글로벌융합,법학,18,18,2.577,2.5697,300,1,0
1593,글로벌융합,법학,18,18,2.3913,2.348,300,1,0
1594,글로벌융합,법학,18,18,2.348,2.2424,300,1,0
1595,글로벌융합,법학,18,18,2.0651,2.0433,300,1,0
1596,글로벌융합,법학,18,18,2.0371,1.926,300,1,0
1597,글로벌융합,법학,18,18,1.8751,1.8718,300,1,0
1598,글로벌융합,법학,18,18,1.8461,1.8461,300,1,0
1599,글로벌융합,법학,18,18,1.7574,1.6864,300,1,0
1600,글로벌융합,법학,18,18,1.5832,1.4842,300,1,0
1601,글로벌융합,법학,18,18,1.437,1.4273,300,1,0
1602,글로벌융합,법학,18,18,1.4173,1.4024,300,1,0
1603,글로벌융합,법학,18,18,1.3303,1.2957,300,1,0
1604,글로벌융합,법학,18,18,1.2698,1.1601,300,1,0
1605,글로벌융합,법학,18,18,1.0619,1.0206,300,1,0
1606,글로벌융합,사회학,18,18,4.4992,4.4724,300,1,1
1607,글로벌융합,사회학,18,18,4.4655,4.4078,300,1,1
1608,글로벌융합,사회학,18,18,4.398,4.3774,300,1,1
1609,글로벌융합,사회학,18,18,4.3599,4.3494,300,1,1
1610,글로벌융합,사회학,18,18,4.3418,4.3416,300,1,1
1611,글로벌융합,사회학,18,18,4.3175,4.3116,300,1,1
1612,글로벌융합,사회학,18,18,4.29,4.2782,300,1,1
1613,글로벌융합,사회학,18,18,4.2613,4.235,300,1,1
1614,글로벌융합,사회학,18,18,4.2071,4.1982,300,1,1
1615,글로벌융합,사회학,18,18,4.1811,4.1724,300,1,1
1616,글로벌융합,사회학,18,18,4.1472,4.1472,300,1,1
1617,글로벌융합,사회학,18,18,4.1089,4.1089,300,1,1
1618,글로벌융합,사회학,18,18,4.0731,4.0493,300,1,1
1619,글로벌융합,사회학,18,18,4.0407,4.0315,300,1,1
1620,글로벌융합,사회학,18,18,4.0315,4.0289,300,1,1
1621,글로벌융합,사회학,18,18,4.0194,4.0105,300,1,1
1622,글로벌융합,사회학,18,18,3.9573,3.9524,300,1,1
1623,글로벌융합,사회학,18,18,3.9524,3.939,300,1,1
1624,글로벌융합,사회학,18,18,3.9125,3.9061,300,1,0
1625,글로벌융합,사회학,18,18,3.8489,3.8319,300,1,0
1626,글로벌융합,사회학,18,18,3.8295,3.8177,300,1,0
1627,글로벌융합,사회학,18,18,3.8171,3.8171,300,1,0
1628,글로벌융합,사회학,18,18,3.7803,3.7434,300,1,0
1629,글로벌융합,사회학,18,18,3.7427,3.7173,300,1,0
1630,글로벌융합,사회학,18,18,3.6717,3.5856,300,1,0
1631,글로벌융합,사회학,18,18,3.5825,3.5653,300,1,0
1632,글로벌융합,사회학,18,18,3.54,3.538,300,1,0
1633,글로벌융합,사회학,18,18,3.5352,3.5043,300,1,0
1634,글로벌융합,사회학,18,18,3.4685,3.4614,300,1,0
1635,글로벌융합,사회학,18,18,3.4409,3.4402,300,1,0
1636,글로벌융합,사회학,18,18,3.4338,3.3794,300,1,0
1637,글로벌융합,사회학,18,18,3.316,3.2933,300,1,0
1638,글로벌융합,사회학,18,18,3.257,3.2428,300,1,0
1639,글로벌융합,사회학,18,18,3.1975,3.1703,300,1,0
1640,글로벌융합,사회학,18,18,3.1603,3.13,300,1,0
1641,글로벌융합,사회학,18,18,3.1299,3.1299,300,1,0
1642,글로벌융합,사회학,18,18,3.1239,3.1187,300,1,0
1643,글로벌융합,사회학,18,18,3.1155,3.1155,300,1,0
1644,글로벌융합,사회학,18,18,3.1155,3.1094,300,1,0
1645,글로벌융합,사회학,18,18,3.0898,3.0167,300,1,0
1646,글로벌융합,사회학,18,18,2.7413,2.6533,300,1,0
1647,글로벌융합,사회학,18,18,2.6533,2.5683,300,1,0
1648,글로벌융합,사회학,18,18,2.4566,2.4313,300,1,0
1649,글로벌융합,사회학,18,18,2.4313,2.4313,300,1,0
1650,글로벌융합,사회학,18,18,2.3913,2.3004,300,1,0
1651,글로벌융합,사회학,18,18,2.2594,2.1967,300,1,0
1652,글로벌융합,사회학,18,18,2.1934,2.191,300,1,0
1653,글로벌융합,사회학,18,18,2.1602,2.0734,300,1,0
1654,글로벌융합,사회학,18,18,2.0371,2.0272,300,1,0
1655,글로벌융합,사회학,18,18,1.9889,1.926,300,1,0
1656,글로벌융합,사회학,18,18,1.9257,1.8614,300,1,0
1657,글로벌융합,사회학,18,18,1.7536,1.6389,300,1,0
1658,글로벌융합,사회학,18,18,1.6044,1.5297,300,1,0
1659,글로벌융합,사회학,18,18,1.4842,1.406,300,1,0
1660,글로벌융합,사회학,18,18,1.3494,1.2957,300,1,0
1661,글로벌융합,사회학,18,18,1.2572,1.0847,300,1,0
1662,글로벌융합,문헌정보학,18,18,4.4934,4.4805,300,1,1
1663,글로벌융합,문헌정보학,18,18,4.4724,4.4667,300,1,1
1664,글로벌융합,문헌정보학,18,18,4.446,4.426,300,1,1
1665,글로벌융합,문헌정보학,18,18,4.4111,4.4111,300,1,1
1666,글로벌융합,문헌정보학,18,18,4.4111,4.409,300,1,1
1667,글로벌융합,문헌정보학,18,18,4.409,4.4004,300,1,1
1668,글로벌융합,문헌정보학,18,18,4.3956,4.3774,300,1,1
1669,글로벌융합,문헌정보학,18,18,4.3663,4.346,300,1,1
1670,글로벌융합,문헌정보학,18,18,4.346,4.346,300,1,1
1671,글로벌융합,문헌정보학,18,18,4.3432,4.327,300,1,1
1672,글로벌융합,문헌정보학,18,18,4.3263,4.3116,300,1,1
1673,글로벌융합,문헌정보학,18,18,4.2999,4.2994,300,1,1
1674,글로벌융합,문헌정보학,18,18,4.2582,4.235,300,1,1
1675,글로벌융합,문헌정보학,18,18,4.2231,4.2168,300,1,1
1676,글로벌융합,문헌정보학,18,18,4.2093,4.2052,300,1,1
1677,글로벌융합,문헌정보학,18,18,4.1982,4.192,300,1,1
1678,글로벌융합,문헌정보학,18,18,4.1764,4.1566,300,1,1
1679,글로벌융합,문헌정보학,18,18,4.1241,4.1229,300,1,1
1680,글로벌융합,문헌정보학,18,18,4.1141,4.1078,300,1,1
1681,글로벌융합,문헌정보학,18,18,4.0765,4.0592,300,1,1
1682,글로벌융합,문헌정보학,18,18,4.0529,4.0407,300,1,1
1683,글로벌융합,문헌정보학,18,18,4.0275,4.0194,300,1,1
1684,글로벌융합,문헌정보학,18,18,4.0189,4.0168,300,1,1
1685,글로벌융합,문헌정보학,18,18,4.0128,3.9801,300,1,1
1686,글로벌융합,문헌정보학,18,18,3.8956,3.8668,300,1,1
1687,글로벌융합,문헌정보학,18,18,3.8576,3.8322,300,1,1
1688,글로벌융합,문헌정보학,18,18,3.8319,3.8078,300,1,1
1689,글로벌융합,문헌정보학,18,18,3.766,3.7389,300,1,1
1690,글로벌융합,문헌정보학,18,18,3.7366,3.731,300,1,1
1691,글로벌융합,문헌정보학,18,18,3.7236,3.7173,300,1,1
1692,글로벌융합,문헌정보학,18,18,3.7057,3.6976,300,1,0
1693,글로벌융합,문헌정보학,18,18,3.6924,3.6924,300,1,0
1694,글로벌융합,문헌정보학,18,18,3.6906,3.6646,300,1,0
1695,글로벌융합,문헌정보학,18,18,3.6215,3.6112,300,1,0
1696,글로벌융합,문헌정보학,18,18,3.6092,3.5592,300,1,0
1697,글로벌융합,문헌정보학,18,18,3.5516,3.5186,300,1,0
1698,글로벌융합,문헌정보학,18,18,3.5128,3.5043,300,1,0
1699,글로벌융합,문헌정보학,18,18,3.4994,3.4991,300,1,0
1700,글로벌융합,문헌정보학,18,18,3.4879,3.4411,300,1,0
1701,글로벌융합,문헌정보학,18,18,3.4409,3.4304,300,1,0
1702,글로벌융합,문헌정보학,18,18,3.3927,3.3466,300,1,0
1703,글로벌융합,문헌정보학,18,18,3.3385,3.3214,300,1,0
1704,글로벌융합,문헌정보학,18,18,3.3089,3.3021,300,1,0
1705,글로벌융합,문헌정보학,18,18,3.2967,3.2451,300,1,0
1706,글로벌융합,문헌정보학,18,18,3.2247,3.2195,300,1,0
1707,글로벌융합,문헌정보학,18,18,3.2172,3.1614,300,1,0
1708,글로벌융합,문헌정보학,18,18,3.1315,3.1301,300,1,0
1709,글로벌융합,문헌정보학,18,18,3.0735,3.0501,300,1,0
1710,글로벌융합,문헌정보학,18,18,3.0501,3.0347,300,1,0
1711,글로벌융합,문헌정보학,18,18,3.0317,2.7358,300,1,0
1712,글로벌융합,문헌정보학,18,18,2.6583,2.6335,300,1,0
1713,글로벌융합,문헌정보학,18,18,2.5061,2.4566,300,1,0
1714,글로벌융합,문헌정보학,18,18,2.4391,2.4015,300,1,0
1715,글로벌융합,문헌정보학,18,18,2.1486,2.1486,300,1,0
1716,글로벌융합,문헌정보학,18,18,2.0734,1.9928,300,1,0
1717,글로벌융합,문헌정보학,18,18,1.8718,1.6044,300,1,0
1718,글로벌융합,문헌정보학,18,18,1.599,1.5781,300,1,0
1719,글로벌융합,문헌정보학,18,18,1.5781,1.4633,300,1,0
1720,글로벌융합,문헌정보학,18,18,1.4173,1.3931,300,1,0
1721,글로벌융합,문헌정보학,18,18,1.351,1.351,300,1,0
1722,글로벌융합,문헌정보학,18,18,1.3494,1.2738,300,1,0
1723,글로벌융합,문헌정보학,18,18,1.2738,1.1256,300,1,0
1724,글로벌융합,문헌정보학,18,18,1.0456,1.0448,300,1,0
1725,글로벌융합,심리학,18,18,4.446,4.4292,300,1,1
1726,글로벌융합,심리학,18,18,4.426,4.4096,300,1,1
1727,글로벌융합,심리학,18,18,4.3792,4.3792,300,1,1
1728,글로벌융합,심리학,18,18,4.365,4.3519,300,1,1
1729,글로벌융합,심리학,18,18,4.3416,4.3274,300,1,1
1730,글로벌융합,심리학,18,18,4.3175,4.3103,300,1,1
1731,글로벌융합,심리학,18,18,4.3092,4.2798,300,1,1
1732,글로벌융합,심리학,18,18,4.2582,4.2521,300,1,1
1733,글로벌융합,심리학,18,18,4.2438,4.2286,300,1,1
1734,글로벌융합,심리학,18,18,4.2195,4.2042,300,1,1
1735,글로벌융합,심리학,18,18,4.2017,4.1819,300,1,1
1736,글로벌융합,심리학,18,18,4.153,4.1241,300,1,1
1737,글로벌융합,심리학,18,18,4.1143,4.1089,300,1,1
1738,글로벌융합,심리학,18,18,4.0731,4.0689,300,1,1
1739,글로벌융합,심리학,18,18,4.0675,4.0535,300,1,1
1740,글로벌융합,심리학,18,18,4.0529,4.0296,300,1,1
1741,글로벌융합,심리학,18,18,4.0255,4.0245,300,1,1
1742,글로벌융합,심리학,18,18,4.0105,3.9963,300,1,1
1743,글로벌융합,심리학,18,18,3.9933,3.9842,300,1,1
1744,글로벌융합,심리학,18,18,3.9633,3.956,300,1,1
1745,글로벌융합,심리학,18,18,3.9524,3.9152,300,1,1
1746,글로벌융합,심리학,18,18,3.9139,3.8921,300,1,1
1747,글로벌융합,심리학,18,18,3.8883,3.8654,300,1,1
1748,글로벌융합,심리학,18,18,3.8526,3.8489,300,1,1
1749,글로벌융합,심리학,18,18,3.8319,3.819,300,1,1
1750,글로벌융합,심리학,18,18,3.7957,3.7719,300,1,1
1751,글로벌융합,심리학,18,18,3.735,3.7037,300,1,1
1752,글로벌융합,심리학,18,18,3.6817,3.6817,300,1,1
1753,글로벌융합,심리학,18,18,3.636,3.5916,300,1,1
1754,글로벌융합,심리학,18,18,3.5856,3.5653,300,1,1
1755,글로벌융합,심리학,18,18,3.5519,3.538,300,1,1
1756,글로벌융합,심리학,18,18,3.5211,3.4879,300,1,1
1757,글로벌융합,심리학,18,18,3.4614,3.4493,300,1,1
1758,글로벌융합,심리학,18,18,3.4493,3.4052,300,1,1
1759,글로벌융합,심리학,18,18,3.3637,3.3239,300,1,1
1760,글로벌융합,심리학,18,18,3.2967,3.2866,300,1,1
1761,글로벌융합,심리학,18,18,3.2825,3.257,300,1,1
1762,글로벌융합,심리학,18,18,3.2499,3.2223,300,1,1
1763,글로벌융합,심리학,18,18,3.1703,3.1187,300,1,1
1764,글로벌융합,심리학,18,18,3.0167,2.9158,300,1,1
1765,글로벌융합,심리학,18,18,2.8631,2.7967,300,1,1
1766,글로벌융합,심리학,18,18,2.7109,2.6834,300,1,1
1767,글로벌융합,심리학,18,18,2.6533,2.6074,300,1,1
1768,글로벌융합,심리학,18,18,2.5683,2.5131,300,1,1
1769,글로벌융합,심리학,18,18,2.4857,2.3913,300,1,1
1770,글로벌융합,심리학,18,18,2.3672,2.1263,300,1,1
1771,글로벌융합,심리학,18,18,1.9997,1.9257,300,1,1
1772,글로벌융합,심리학,18,18,1.8982,1.8751,300,1,1
1773,글로벌융합,심리학,18,18,1.8222,1.797,300,1,0
1774,글로벌융합,심리학,18,18,1.7692,1.6819,300,1,0
1775,글로벌융합,심리학,18,18,1.5971,1.5832,300,1,0
1776,글로벌융합,심리학,18,18,1.504,1.4616,300,1,0
1777,글로벌융합,심리학,18,18,1.4593,1.437,300,1,0
1778,글로벌융합,심리학,18,18,1.4152,1.3293,300,1,0
1779,글로벌융합,심리학,18,18,1.2698,1.2051,300,1,0
1780,글로벌융합,심리학,18,18,1.2032,1.0619,300,1,0
1781,글로벌융합,심리학,18,18,1.0456,1.0039,300,1,0
1782,글로벌융합,아동가족학,18,18,4.4966,4.446,300,1,1
1783,글로벌융합,아동가족학,18,18,4.4355,4.4355,300,1,1
1784,글로벌융합,아동가족학,18,18,4.4335,4.4215,300,1,1
1785,글로벌융합,아동가족학,18,18,4.4134,4.3774,300,1,1
1786,글로벌융합,아동가족학,18,18,4.3728,4.3673,300,1,1
1787,글로벌융합,아동가족학,18,18,4.3519,4.3379,300,1,1
1788,글로벌융합,아동가족학,18,18,4.3263,4.3201,300,1,1
1789,글로벌융합,아동가족학,18,18,4.3046,4.2789,300,1,1
1790,글로벌융합,아동가족학,18,18,4.2732,4.2521,300,1,1
1791,글로벌융합,아동가족학,18,18,4.2286,4.2286,300,1,1
1792,글로벌융합,아동가족학,18,18,4.2269,4.2087,300,1,1
1793,글로벌융합,아동가족학,18,18,4.1982,4.1858,300,1,1
1794,글로벌융합,아동가족학,18,18,4.1764,4.172,300,1,1
1795,글로벌융합,아동가족학,18,18,4.1585,4.1585,300,1,1
1796,글로벌융합,아동가족학,18,18,4.1555,4.1555,300,1,1
1797,글로벌융합,아동가족학,18,18,4.0609,4.0529,300,1,1
1798,글로벌융합,아동가족학,18,18,4.0407,4.0323,300,1,1
1799,글로벌융합,아동가족학,18,18,4.0245,4.0168,300,1,1
1800,글로벌융합,아동가족학,18,18,4.0128,4.0128,300,1,1
1801,글로벌융합,아동가족학,18,18,3.9964,3.9933,300,1,1
1802,글로벌융합,아동가족학,18,18,3.9494,3.9494,300,1,0
1803,글로벌융합,아동가족학,18,18,3.9292,3.8883,300,1,0
1804,글로벌융합,아동가족학,18,18,3.8654,3.8621,300,1,0
1805,글로벌융합,아동가족학,18,18,3.7827,3.7803,300,1,0
1806,글로벌융합,아동가족학,18,18,3.7745,3.766,300,1,0
1807,글로벌융합,아동가족학,18,18,3.738,3.7347,300,1,0
1808,글로벌융합,아동가족학,18,18,3.7234,3.7014,300,1,0
1809,글로벌융합,아동가족학,18,18,3.6911,3.665,300,1,0
1810,글로벌융합,아동가족학,18,18,3.6371,3.4991,300,1,0
1811,글로벌융합,아동가족학,18,18,3.4969,3.4958,300,1,0
1812,글로벌융합,아동가족학,18,18,3.4879,3.3821,300,1,0
1813,글로벌융합,아동가족학,18,18,3.3239,3.316,300,1,0
1814,글로벌융합,아동가족학,18,18,3.2967,3.2866,300,1,0
1815,글로벌융합,아동가족학,18,18,3.2777,3.2475,300,1,0
1816,글로벌융합,아동가족학,18,18,3.2069,3.1432,300,1,0
1817,글로벌융합,아동가족학,18,18,3.1396,3.139,300,1,0
1818,글로벌융합,아동가족학,18,18,3.1237,3.1187,300,1,0
1819,글로벌융합,아동가족학,18,18,3.1179,3.0898,300,1,0
1820,글로벌융합,아동가족학,18,18,3.074,3.0347,300,1,0
1821,글로벌융합,아동가족학,18,18,3.0246,3.0167,300,1,0
1822,글로벌융합,아동가족학,18,18,2.8383,2.7967,300,1,0
1823,글로벌융합,아동가족학,18,18,2.7358,2.6796,300,1,0
1824,글로벌융합,아동가족학,18,18,2.5683,2.3993,300,1,0
1825,글로벌융합,아동가족학,18,18,2.3004,2.2565,300,1,0
1826,글로벌융합,아동가족학,18,18,2.2517,2.2442,300,1,0
1827,글로벌융합,아동가족학,18,18,2.1784,2.1626,300,1,0
1828,글로벌융합,아동가족학,18,18,2.1618,2.0632,300,1,0
1829,글로벌융합,아동가족학,18,18,1.9928,1.8222,300,1,0
1830,글로벌융합,아동가족학,18,18,1.6111,1.6044,300,1,0
1831,글로벌융합,아동가족학,18,18,1.5564,1.5297,300,1,0
1832,글로벌융합,아동가족학,18,18,1.3303,1.1913,300,1,0
1833,글로벌융합,아동가족학,18,18,1.169,1.1601,300,1,0
1834,글로벌융합,사회복지학,18,18,4.4655,4.442,300,1,1
1835,글로벌융합,사회복지학,18,18,4.442,4.442,300,1,1
1836,글로벌융합,사회복지학,18,18,4.4335,4.4292,300,1,1
1837,글로벌융합,사회복지학,18,18,4.4292,4.4111,300,1,1
1838,글로벌융합,사회복지학,18,18,4.409,4.398,300,1,1
1839,글로벌융합,사회복지학,18,18,4.3928,4.3792,300,1,1
1840,글로벌융합,사회복지학,18,18,4.3661,4.3519,300,1,1
1841,글로벌융합,사회복지학,18,18,4.3494,4.3288,300,1,1
1842,글로벌융합,사회복지학,18,18,4.3274,4.327,300,1,1
1843,글로벌융합,사회복지학,18,18,4.3175,4.29,300,1,1
1844,글로벌융합,사회복지학,18,18,4.2655,4.2582,300,1,1
1845,글로벌융합,사회복지학,18,18,4.2421,4.2093,300,1,1
1846,글로벌융합,사회복지학,18,18,4.2077,4.1998,300,1,1
1847,글로벌융합,사회복지학,18,18,4.1779,4.1682,300,1,1
1848,글로벌융합,사회복지학,18,18,4.1566,4.153,300,1,1
1849,글로벌융합,사회복지학,18,18,4.1089,4.0972,300,1,1
1850,글로벌융합,사회복지학,18,18,4.0689,4.0535,300,1,1
1851,글로벌융합,사회복지학,18,18,4.0427,4.0245,300,1,1
1852,글로벌융합,사회복지학,18,18,4.0194,4.0085,300,1,1
1853,글로벌융합,사회복지학,18,18,3.9933,3.9911,300,1,1
1854,글로벌융합,사회복지학,18,18,3.9842,3.9779,300,1,1
1855,글로벌융합,사회복지학,18,18,3.9633,3.9575,300,1,1
1856,글로벌융합,사회복지학,18,18,3.951,3.9152,300,1,1
1857,글로벌융합,사회복지학,18,18,3.9151,3.9027,300,1,1
1858,글로벌융합,사회복지학,18,18,3.8883,3.879,300,1,1
1859,글로벌융합,사회복지학,18,18,3.863,3.8489,300,1,1
1860,글로벌융합,사회복지학,18,18,3.819,3.8177,300,1,1
1861,글로벌융합,사회복지학,18,18,3.8078,3.7769,300,1,1
1862,글로벌융합,사회복지학,18,18,3.756,3.7434,300,1,1
1863,글로벌융합,사회복지학,18,18,3.7366,3.735,300,1,1
1864,글로벌융합,사회복지학,18,18,3.7014,3.636,300,1,1
1865,글로벌융합,사회복지학,18,18,3.636,3.6215,300,1,0
1866,글로벌융합,사회복지학,18,18,3.5592,3.54,300,1,0
1867,글로벌융합,사회복지학,18,18,3.5352,3.5258,300,1,0
1868,글로벌융합,사회복지학,18,18,3.4975,3.4975,300,1,0
1869,글로벌융합,사회복지학,18,18,3.4779,3.3901,300,1,0
1870,글로벌융합,사회복지학,18,18,3.3794,3.3561,300,1,0
1871,글로벌융합,사회복지학,18,18,3.3385,3.3134,300,1,0
1872,글로벌융합,사회복지학,18,18,3.3037,3.2981,300,1,0
1873,글로벌융합,사회복지학,18,18,3.2933,3.2868,300,1,0
1874,글로벌융합,사회복지학,18,18,3.2777,3.2716,300,1,0
1875,글로벌융합,사회복지학,18,18,3.2172,3.1656,300,1,0
1876,글로벌융합,사회복지학,18,18,3.1614,3.1339,300,1,0
1877,글로벌융합,사회복지학,18,18,3.1188,3.1179,300,1,0
1878,글로벌융합,사회복지학,18,18,3.0789,3.0347,300,1,0
1879,글로벌융합,사회복지학,18,18,3.0068,2.8631,300,1,0
1880,글로벌융합,사회복지학,18,18,2.7667,2.7109,300,1,0
1881,글로벌융합,사회복지학,18,18,2.6796,2.6605,300,1,0
1882,글로벌융합,사회복지학,18,18,2.577,2.4176,300,1,0
1883,글로벌융합,사회복지학,18,18,2.2008,2.2008,300,1,0
1884,글로벌융합,사회복지학,18,18,2.1967,2.1618,300,1,0
1885,글로벌융합,사회복지학,18,18,2.1316,2.0371,300,1,0
1886,글로벌융합,사회복지학,18,18,2.0272,1.8222,300,1,0
1887,글로벌융합,사회복지학,18,18,1.6321,1.5832,300,1,0
1888,글로벌융합,사회복지학,18,18,1.5794,1.5564,300,1,0
1889,글로벌융합,사회복지학,18,18,1.5503,1.473,300,1,0
1890,글로벌융합,사회복지학,18,18,1.473,1.4593,300,1,0
1891,글로벌융합,사회복지학,18,18,1.4414,1.4414,300,1,0
1892,글로벌융합,사회복지학,18,18,1.406,1.4024,300,1,0
1893,글로벌융합,사회복지학,18,18,1.3427,1.2698,300,1,0
1894,글로벌융합,사회복지학,18,18,1.0847,1.057,300,1,0
1895,글로벌융합,정치외교학,18,18,4.4461,4.442,300,1,1
1896,글로벌융합,정치외교학,18,18,4.4215,4.4134,300,1,1
1897,글로벌융합,정치외교학,18,18,4.3792,4.3673,300,1,1
1898,글로벌융합,정치외교학,18,18,4.3661,4.3505,300,1,1
1899,글로벌융합,정치외교학,18,18,4.3418,4.3263,300,1,1
1900,글로벌융합,정치외교학,18,18,4.3259,4.3061,300,1,1
1901,글로벌융합,정치외교학,18,18,4.3046,4.2613,300,1,1
1902,글로벌융합,정치외교학,18,18,4.2269,4.2195,300,1,1
1903,글로벌융합,정치외교학,18,18,4.2017,4.1982,300,1,1
1904,글로벌융합,정치외교학,18,18,4.1811,4.1724,300,1,1
1905,글로벌융합,정치외교학,18,18,4.1682,4.1229,300,1,1
1906,글로벌융합,정치외교학,18,18,4.1141,4.0943,300,1,1
1907,글로벌융합,정치외교학,18,18,4.0765,4.0689,300,1,1
1908,글로벌융합,정치외교학,18,18,4.0675,4.0609,300,1,1
1909,글로벌융합,정치외교학,18,18,4.0323,4.0169,300,1,1
1910,글로벌융합,정치외교학,18,18,3.9708,3.9633,300,1,1
1911,글로벌융합,정치외교학,18,18,3.9573,3.9545,300,1,1
1912,글로벌융합,정치외교학,18,18,3.9125,3.8177,300,1,1
1913,글로벌융합,정치외교학,18,18,3.7827,3.756,300,1,1
1914,글로벌융합,정치외교학,18,18,3.7424,3.738,300,1,1
1915,글로벌융합,정치외교학,18,18,3.7347,3.6599,300,1,1
1916,글로벌융합,정치외교학,18,18,3.6552,3.6552,300,1,1
1917,글로벌융합,정치외교학,18,18,3.6491,3.6156,300,1,1
1918,글로벌융합,정치외교학,18,18,3.5916,3.5906,300,1,1
1919,글로벌융합,정치외교학,18,18,3.5856,3.5795,300,1,1
1920,글로벌융합,정치외교학,18,18,3.5653,3.5381,300,1,1
1921,글로벌융합,정치외교학,18,18,3.5352,3.5128,300,1,1
1922,글로벌융합,정치외교학,18,18,3.4994,3.4991,300,1,1
1923,글로벌융합,정치외교학,18,18,3.4411,3.4409,300,1,1
1924,글로벌융합,정치외교학,18,18,3.4307,3.3604,300,1,1
1925,글로벌융합,정치외교학,18,18,3.3604,3.3239,300,1,0
1926,글로벌융합,정치외교학,18,18,3.3037,3.2981,300,1,0
1927,글로벌융합,정치외교학,18,18,3.2933,3.2451,300,1,0
1928,글로벌융합,정치외교학,18,18,3.2424,3.1614,300,1,0
1929,글로벌융합,정치외교학,18,18,3.1557,3.1486,300,1,0
1930,글로벌융합,정치외교학,18,18,3.1301,3.1094,300,1,0
1931,글로벌융합,정치외교학,18,18,3.0977,3.0789,300,1,0
1932,글로벌융합,정치외교학,18,18,3.0544,3.0317,300,1,0
1933,글로벌융합,정치외교학,18,18,2.7358,2.6074,300,1,0
1934,글로벌융합,정치외교학,18,18,2.6074,2.2565,300,1,0
1935,글로벌융합,정치외교학,18,18,2.2565,2.2442,300,1,0
1936,글로벌융합,정치외교학,18,18,2.1784,2.1626,300,1,0
1937,글로벌융합,정치외교학,18,18,2.1618,2.1537,300,1,0
1938,글로벌융합,정치외교학,18,18,2.1537,2.0272,300,1,0
1939,글로벌융합,정치외교학,18,18,1.9889,1.9476,300,1,0
1940,글로벌융합,정치외교학,18,18,1.7536,1.4273,300,1,0
1941,글로벌융합,정치외교학,18,18,1.4173,1.4024,300,1,0
1942,글로벌융합,정치외교학,18,18,1.3494,1.3427,300,1,0
1943,글로벌융합,정치외교학,18,18,1.3293,1.2032,300,1,0
1944,글로벌융합,정치외교학,18,18,1.1601,1.0741,300,1,0
1945,글로벌융합,정치외교학,18,18,1.0607,1.0607,300,1,0
1946,글로벌융합,정치외교학,18,18,1.0206,1.0039,300,1,0
1947,글로벌융합,의상디자인,18,18,4.4999,4.4704,300,1,1
1948,글로벌융합,의상디자인,18,18,4.426,4.4049,300,1,1
1949,글로벌융합,의상디자인,18,18,4.4049,4.4023,300,1,1
1950,글로벌융합,의상디자인,18,18,4.4008,4.3956,300,1,1
1951,글로벌융합,의상디자인,18,18,4.3793,4.3599,300,1,1
1952,글로벌융합,의상디자인,18,18,4.3445,4.3416,300,1,1
1953,글로벌융합,의상디자인,18,18,4.3379,4.3201,300,1,1
1954,글로벌융합,의상디자인,18,18,4.3054,4.29,300,1,1
1955,글로벌융합,의상디자인,18,18,4.2421,4.2168,300,1,1
1956,글로벌융합,의상디자인,18,18,4.1766,4.1605,300,1,1
1957,글로벌융합,의상디자인,18,18,4.1585,4.1566,300,1,1
1958,글로벌융합,의상디자인,18,18,4.1472,4.1283,300,1,1
1959,글로벌융합,의상디자인,18,18,4.1229,4.0751,300,1,1
1960,글로벌융합,의상디자인,18,18,4.0493,4.0323,300,1,1
1961,글로벌융합,의상디자인,18,18,4.0291,4.0289,300,1,1
1962,글로벌융합,의상디자인,18,18,4.0258,4.0258,300,1,1
1963,글로벌융합,의상디자인,18,18,4.0255,4.0105,300,1,1
1964,글로벌융합,의상디자인,18,18,4.0085,4.0075,300,1,1
1965,글로벌융합,의상디자인,18,18,3.9498,3.9498,300,1,1
1966,글로벌융합,의상디자인,18,18,3.939,3.9167,300,1,1
1967,글로벌융합,의상디자인,18,18,3.9143,3.9139,300,1,1
1968,글로벌융합,의상디자인,18,18,3.9061,3.9061,300,1,1
1969,글로벌융합,의상디자인,18,18,3.8322,3.8276,300,1,1
1970,글로벌융합,의상디자인,18,18,3.7745,3.7338,300,1,1
1971,글로벌융합,의상디자인,18,18,3.7014,3.6924,300,1,1
1972,글로벌융합,의상디자인,18,18,3.6599,3.6156,300,1,1
1973,글로벌융합,의상디자인,18,18,3.6112,3.5825,300,1,1
1974,글로벌융합,의상디자인,18,18,3.5705,3.5556,300,1,1
1975,글로벌융합,의상디자인,18,18,3.5519,3.4492,300,1,1
1976,글로벌융합,의상디자인,18,18,3.4034,3.3927,300,1,1
1977,글로벌융합,의상디자인,18,18,3.3794,3.3533,300,1,1
1978,글로벌융합,의상디자인,18,18,3.3385,3.2892,300,1,1
1979,글로벌융합,의상디자인,18,18,3.2424,3.2195,300,1,1
1980,글로벌융합,의상디자인,18,18,3.2172,3.1396,300,1,1
1981,글로벌융합,의상디자인,18,18,3.1396,3.1301,300,1,1
1982,글로벌융합,의상디자인,18,18,3.1299,3.1239,300,1,1
1983,글로벌융합,의상디자인,18,18,3.0501,2.6605,300,1,1
1984,글로벌융합,의상디자인,18,18,2.6583,2.6533,300,1,1
1985,글로벌융합,의상디자인,18,18,2.4015,2.348,300,1,1
1986,글로벌융합,의상디자인,18,18,2.2806,2.2594,300,1,0
1987,글로벌융합,의상디자인,18,18,2.2121,2.2008,300,1,0
1988,글로벌융합,의상디자인,18,18,2.1822,2.1822,300,1,0
1989,글로벌융합,의상디자인,18,18,2.1822,2.1784,300,1,0
1990,글로벌융합,의상디자인,18,18,2.1537,2.1486,300,1,0
1991,글로벌융합,의상디자인,18,18,2.0787,2.0787,300,1,0
1992,글로벌융합,의상디자인,18,18,2.0433,1.9476,300,1,0
1993,글로벌융합,의상디자인,18,18,1.926,1.7765,300,1,0
1994,글로벌융합,의상디자인,18,18,1.7692,1.6819,300,1,0
1995,글로벌융합,의상디자인,18,18,1.6795,1.6389,300,1,0
1996,글로벌융합,의상디자인,18,18,1.6321,1.599,300,1,0
1997,글로벌융합,의상디자인,18,18,1.5564,1.5564,300,1,0
1998,글로벌융합,의상디자인,18,18,1.5503,1.5297,300,1,0
1999,글로벌융합,의상디자인,18,18,1.4633,1.3799,300,1,0
2000,글로벌융합,의상디자인,18,18,1.3427,1.3293,300,1,0
2001,글로벌융합,의상디자인,18,18,1.297,1.2572,300,1,0
2002,글로벌융합,의상디자인,18,18,1.2286,1.168,300,1,0
2003,글로벌융합,의상디자인,18,18,1.1256,1.0741,300,1,0
2004,글로벌융합,의상디자인,18,18,1.0456,1.0039,300,1,0
